[[ 0.2041657   0.89362856 -0.39968033  0.28422425]
 [-0.9472309   0.28340436  0.14978513  0.00784565]
 [ 0.24712342  0.34800858  0.90433403 -0.02093645]
 [ 0.          0.          0.          1.        ]]   0.8399908542633057
[[-0.67965318 -0.66415062  0.31140891  0.29793892]
 [-0.71755559  0.69008759 -0.09430315  0.03327219]
 [-0.15226794 -0.28754664 -0.94558522  0.1474128 ]
 [ 0.          0.          0.          1.        ]]   0.8584696054458618
[[ 0.80232924 -0.47714397  0.35861041  0.28224502]
 [-0.20038058 -0.78125679 -0.59117294  0.07476697]
 [ 0.56224142  0.40245678 -0.72243555  0.13726805]
 [ 0.          0.          0.          1.        ]]   0.8550740480422974
[[ 0.37121583  0.75044669  0.54683505  0.19358945]
 [-0.86734166  0.49051155 -0.08436149  0.0192774 ]
 [-0.33153771 -0.4429765   0.83297933 -0.00844771]
 [ 0.          0.          0.          1.        ]]   0.964279294013977
[[-0.11169662  0.81874883 -0.56318222  0.34909354]
 [-0.99347044 -0.10525888  0.04401189  0.01794187]
 [-0.02324524  0.56442087  0.82515983 -0.00383038]
 [ 0.          0.          0.          1.        ]]   0.9121352434158325
[[ 0.29578481 -0.90329787 -0.31074797  0.31884279]
 [-0.14668637 -0.36439515  0.9196191  -0.10454764]
 [-0.94392503 -0.22642687 -0.24028404  0.05953367]
 [ 0.          0.          0.          1.        ]]   0.9297507405281067
[[ 0.01893341  0.88208861 -0.47070289  0.3129017 ]
 [-0.98895845  0.08573053  0.12087787  0.01059029]
 [ 0.1469786   0.46321697  0.87397215 -0.01699078]
 [ 0.          0.          0.          1.        ]]   0.8971133232116699
[[-2.04619928e-04  8.78282094e-01 -4.78142783e-01  3.16896599e-01]
 [-9.91399663e-01  6.23958509e-02  1.15036806e-01  1.16753768e-02]
 [ 1.30868893e-01  4.74054132e-01  8.70715805e-01 -1.59974785e-02]
 [ 0.00000000e+00  0.00000000e+00  0.00000000e+00  1.00000000e+00]]   0.862894594669342
[[ 0.2608308  -0.91541599 -0.30656299  0.3173034 ]
 [-0.15580575 -0.35330948  0.92244077 -0.10413212]
 [-0.95272864 -0.19283669 -0.23478107  0.06015505]
 [ 0.          0.          0.          1.        ]]   0.9744053483009338
[[ 0.2479621  -0.10793843 -0.96273781  0.40728927]
 [ 0.70689645  0.6996856   0.10362174 -0.02466266]
 [ 0.66242901 -0.70625021  0.2497968   0.01957696]
 [ 0.          0.          0.          1.        ]]   0.9545950293540955
[[ 0.08982061  0.89503992 -0.43684756  0.30137097]
 [-0.9768444   0.16468879  0.13657461  0.00983658]
 [ 0.19418363  0.41446488  0.88910718 -0.01914229]
 [ 0.          0.          0.          1.        ]]   0.9498956203460693
[[-0.23431587  0.90338404 -0.35915644  0.29279276]
 [ 0.120501    0.39358158  0.9113578  -0.0827915 ]
 [ 0.96466346  0.17026688 -0.20108109  0.06589242]
 [ 0.          0.          0.          1.        ]]   0.8140155076980591
[[ 0.2041657   0.89362856 -0.39968033  0.28422425]
 [-0.9472309   0.28340436  0.14978513  0.00784565]
 [ 0.24712342  0.34800858  0.90433403 -0.02093645]
 [ 0.          0.          0.          1.        ]]   0.8900852799415588
[[-0.67965318 -0.66415062  0.31140891  0.29793892]
 [-0.71755559  0.69008759 -0.09430315  0.03327219]
 [-0.15226794 -0.28754664 -0.94558522  0.1474128 ]
 [ 0.          0.          0.          1.        ]]   0.8584696054458618
[[ 0.80232924 -0.47714397  0.35861041  0.28224502]
 [-0.20038058 -0.78125679 -0.59117294  0.07476697]
 [ 0.56224142  0.40245678 -0.72243555  0.13726805]
 [ 0.          0.          0.          1.        ]]   0.8550740480422974
[[ 0.22832578 -0.12044114 -0.96610624  0.40742969]
 [ 0.70588539  0.70389856  0.07907359 -0.02127751]
 [ 0.67051708 -0.70001482  0.24573583  0.01957421]
 [ 0.          0.          0.          1.        ]]   0.8206373453140259
[[ 0.37121583  0.75044669  0.54683505  0.19358945]
 [-0.86734166  0.49051155 -0.08436149  0.0192774 ]
 [-0.33153771 -0.4429765   0.83297933 -0.00844771]
 [ 0.          0.          0.          1.        ]]   0.964279294013977
[[-0.11169662  0.81874883 -0.56318222  0.34909354]
 [-0.99347044 -0.10525888  0.04401189  0.01794187]
 [-0.02324524  0.56442087  0.82515983 -0.00383038]
 [ 0.          0.          0.          1.        ]]   0.9121352434158325
[[ 0.29578481 -0.90329787 -0.31074797  0.31884279]
 [-0.14668637 -0.36439515  0.9196191  -0.10454764]
 [-0.94392503 -0.22642687 -0.24028404  0.05953367]
 [ 0.          0.          0.          1.        ]]   0.9297507405281067
[[-2.04619928e-04  8.78282094e-01 -4.78142783e-01  3.16896599e-01]
 [-9.91399663e-01  6.23958509e-02  1.15036806e-01  1.16753768e-02]
 [ 1.30868893e-01  4.74054132e-01  8.70715805e-01 -1.59974785e-02]
 [ 0.00000000e+00  0.00000000e+00  0.00000000e+00  1.00000000e+00]]   0.862894594669342
[[-0.19933365  0.91559539 -0.34921508  0.29499668]
 [ 0.22454454  0.38956195  0.8932084  -0.08404005]
 [ 0.9538584   0.09963215 -0.28324475  0.06923497]
 [ 0.          0.          0.          1.        ]]   0.9768623113632202
[[ 0.23903921 -0.95632868 -0.16821332  0.28270192]
 [ 0.07337955 -0.15494891  0.98519352 -0.08920915]
 [-0.96823329 -0.2478433   0.0331361   0.07528343]
 [ 0.          0.          0.          1.        ]]   0.8766324520111084
[[ 0.2608308  -0.91541599 -0.30656299  0.3173034 ]
 [-0.15580575 -0.35330948  0.92244077 -0.10413212]
 [-0.95272864 -0.19283669 -0.23478107  0.06015505]
 [ 0.          0.          0.          1.        ]]   0.9744053483009338
[[ 0.2479621  -0.10793843 -0.96273781  0.40728927]
 [ 0.70689645  0.6996856   0.10362174 -0.02466266]
 [ 0.66242901 -0.70625021  0.2497968   0.01957696]
 [ 0.          0.          0.          1.        ]]   0.9545950293540955
[[-0.20046949  0.48062986 -0.85370189  0.38231218]
 [-0.93368778 -0.35764036  0.01790236  0.006649  ]
 [-0.29671384  0.80067991  0.52045421  0.02753656]
 [ 0.          0.          0.          1.        ]]   0.8177067041397095
[[-0.24269276  0.58022301 -0.77745835  0.37324865]
 [-0.94465961 -0.32369104  0.05331354  0.00741495]
 [-0.22072256  0.74737231  0.62667071  0.01878928]
 [ 0.          0.          0.          1.        ]]   0.839824914932251
[[ 0.08982061  0.89503992 -0.43684756  0.30137097]
 [-0.9768444   0.16468879  0.13657461  0.00983658]
 [ 0.19418363  0.41446488  0.88910718 -0.01914229]
 [ 0.          0.          0.          1.        ]]   0.9498956203460693
[[-0.59573907  0.78595769 -0.16542512  0.2424794 ]
 [-0.65045508 -0.35129105  0.67342615 -0.03886256]
 [ 0.4711721   0.50878788  0.72050798  0.01235547]
 [ 0.          0.          0.          1.        ]]   0.8818562030792236
[[-0.23431587  0.90338404 -0.35915644  0.29279276]
 [ 0.120501    0.39358158  0.9113578  -0.0827915 ]
 [ 0.96466346  0.17026688 -0.20108109  0.06589242]
 [ 0.          0.          0.          1.        ]]   0.8140155076980591
[[ 0.2041657   0.89362856 -0.39968033  0.28422425]
 [-0.9472309   0.28340436  0.14978513  0.00784565]
 [ 0.24712342  0.34800858  0.90433403 -0.02093645]
 [ 0.          0.          0.          1.        ]]   0.8900852799415588
[[-0.67965318 -0.66415062  0.31140891  0.29793892]
 [-0.71755559  0.69008759 -0.09430315  0.03327219]
 [-0.15226794 -0.28754664 -0.94558522  0.1474128 ]
 [ 0.          0.          0.          1.        ]]   0.8584696054458618
[[ 0.41683567  0.77109164  0.48131665  0.1970317 ]
 [-0.86807631  0.49474895 -0.04082884  0.01517414]
 [-0.26961368 -0.40080066  0.87559539 -0.01335994]
 [ 0.          0.          0.          1.        ]]   0.9174651503562927
[[ 0.80232924 -0.47714397  0.35861041  0.28224502]
 [-0.20038058 -0.78125679 -0.59117294  0.07476697]
 [ 0.56224142  0.40245678 -0.72243555  0.13726805]
 [ 0.          0.          0.          1.        ]]   0.8550740480422974
[[ 0.22832578 -0.12044114 -0.96610624  0.40742969]
 [ 0.70588539  0.70389856  0.07907359 -0.02127751]
 [ 0.67051708 -0.70001482  0.24573583  0.01957421]
 [ 0.          0.          0.          1.        ]]   0.8206373453140259
[[ 0.02132763  0.77487315  0.63175686  0.20307634]
 [-0.78318078  0.40571908 -0.47118987  0.06404677]
 [-0.62142819 -0.48473047  0.61551878  0.01122181]
 [ 0.          0.          0.          1.        ]]   0.8036006689071655
[[ 0.37121583  0.75044669  0.54683505  0.19358945]
 [-0.86734166  0.49051155 -0.08436149  0.0192774 ]
 [-0.33153771 -0.4429765   0.83297933 -0.00844771]
 [ 0.          0.          0.          1.        ]]   0.964279294013977
[[-0.11169662  0.81874883 -0.56318222  0.34909354]
 [-0.99347044 -0.10525888  0.04401189  0.01794187]
 [-0.02324524  0.56442087  0.82515983 -0.00383038]
 [ 0.          0.          0.          1.        ]]   0.9121352434158325
[[-0.10811593  0.82321138 -0.55734546  0.34794279]
 [-0.99398617 -0.09932068  0.0461183   0.01817128]
 [-0.01739082  0.5589798   0.82899888 -0.00450575]
 [ 0.          0.          0.          1.        ]]   0.8201059699058533
[[ 0.29578481 -0.90329787 -0.31074797  0.31884279]
 [-0.14668637 -0.36439515  0.9196191  -0.10454764]
 [-0.94392503 -0.22642687 -0.24028404  0.05953367]
 [ 0.          0.          0.          1.        ]]   0.9297507405281067
[[-0.46817098  0.81185916 -0.3488562   0.26696713]
 [-0.46377551  0.11028968  0.87906113 -0.06565591]
 [ 0.75214906  0.57334187  0.32488597  0.02194484]
 [ 0.          0.          0.          1.        ]]   0.8401881456375122
[[ 0.23903921 -0.95632868 -0.16821332  0.28270192]
 [ 0.07337955 -0.15494891  0.98519352 -0.08920915]
 [-0.96823329 -0.2478433   0.0331361   0.07528343]
 [ 0.          0.          0.          1.        ]]   0.8766324520111084
[[-0.04630907  0.8716481  -0.48793961  0.33184413]
 [-0.99780925 -0.01726069  0.06386523  0.01852645]
 [ 0.04724583  0.4898282   0.87053786 -0.01182024]
 [ 0.          0.          0.          1.        ]]   0.9763287901878357
[[ 0.2608308  -0.91541599 -0.30656299  0.3173034 ]
 [-0.15580575 -0.35330948  0.92244077 -0.10413212]
 [-0.95272864 -0.19283669 -0.23478107  0.06015505]
 [ 0.          0.          0.          1.        ]]   0.9744053483009338
[[-0.2291682   0.89881856 -0.37364039  0.28906966]
 [-0.05628567  0.37097734  0.92693459 -0.07836911]
 [ 0.97175813  0.23345453 -0.0344256   0.05203581]
 [ 0.          0.          0.          1.        ]]   0.9027356505393982
[[ 0.2479621  -0.10793843 -0.96273781  0.40728927]
 [ 0.70689645  0.6996856   0.10362174 -0.02466266]
 [ 0.66242901 -0.70625021  0.2497968   0.01957696]
 [ 0.          0.          0.          1.        ]]   0.9545950293540955
[[-0.7268208   0.68681898 -0.0033492   0.22105328]
 [-0.54121945 -0.56972537  0.61846141 -0.01888386]
 [ 0.42286291  0.45132327  0.78580804  0.01979508]
 [ 0.          0.          0.          1.        ]]   0.9659937024116516
[[-0.20046949  0.48062986 -0.85370189  0.38231218]
 [-0.93368778 -0.35764036  0.01790236  0.006649  ]
 [-0.29671384  0.80067991  0.52045421  0.02753656]
 [ 0.          0.          0.          1.        ]]   0.8177067041397095
[[-0.24269276  0.58022301 -0.77745835  0.37324865]
 [-0.94465961 -0.32369104  0.05331354  0.00741495]
 [-0.22072256  0.74737231  0.62667071  0.01878928]
 [ 0.          0.          0.          1.        ]]   0.839824914932251
[[ 0.08982061  0.89503992 -0.43684756  0.30137097]
 [-0.9768444   0.16468879  0.13657461  0.00983658]
 [ 0.19418363  0.41446488  0.88910718 -0.01914229]
 [ 0.          0.          0.          1.        ]]   0.9498956203460693
[[ 0.01820401  0.88008276 -0.47447124  0.31268754]
 [-0.98829388  0.08773175  0.12481322  0.00971077]
 [ 0.15147215  0.46664492  0.87137748 -0.01659095]
 [ 0.          0.          0.          1.        ]]   0.9169018864631653
[[-0.38554268  0.09102255  0.91818938  0.18712378]
 [ 0.35103936 -0.9058198   0.23719582  0.00995186]
 [ 0.85330429  0.41376972  0.31727969  0.07386637]
 [ 0.          0.          0.          1.        ]]   0.8502481579780579
[[-0.59573907  0.78595769 -0.16542512  0.2424794 ]
 [-0.65045508 -0.35129105  0.67342615 -0.03886256]
 [ 0.4711721   0.50878788  0.72050798  0.01235547]
 [ 0.          0.          0.          1.        ]]   0.8818562030792236
[[-0.80479227 -0.55905915  0.1994048   0.3084645 ]
 [-0.55187747  0.8284579   0.09533501  0.01146881]
 [-0.21849639 -0.03332214 -0.97526866  0.16472123]
 [ 0.          0.          0.          1.        ]]   0.9171339869499207
[[-0.23431587  0.90338404 -0.35915644  0.29279276]
 [ 0.120501    0.39358158  0.9113578  -0.0827915 ]
 [ 0.96466346  0.17026688 -0.20108109  0.06589242]
 [ 0.          0.          0.          1.        ]]   0.8140155076980591
[[ 0.2041657   0.89362856 -0.39968033  0.28422425]
 [-0.9472309   0.28340436  0.14978513  0.00784565]
 [ 0.24712342  0.34800858  0.90433403 -0.02093645]
 [ 0.          0.          0.          1.        ]]   0.8900852799415588
[[-0.67965318 -0.66415062  0.31140891  0.29793892]
 [-0.71755559  0.69008759 -0.09430315  0.03327219]
 [-0.15226794 -0.28754664 -0.94558522  0.1474128 ]
 [ 0.          0.          0.          1.        ]]   0.8584696054458618
[[ 0.41683567  0.77109164  0.48131665  0.1970317 ]
 [-0.86807631  0.49474895 -0.04082884  0.01517414]
 [-0.26961368 -0.40080066  0.87559539 -0.01335994]
 [ 0.          0.          0.          1.        ]]   0.9447092413902283
[[ 0.80232924 -0.47714397  0.35861041  0.28224502]
 [-0.20038058 -0.78125679 -0.59117294  0.07476697]
 [ 0.56224142  0.40245678 -0.72243555  0.13726805]
 [ 0.          0.          0.          1.        ]]   0.8550740480422974
[[ 0.40031354  0.88730913 -0.22897943  0.25132007]
 [-0.89893991  0.4287537   0.08987382  0.00534983]
 [ 0.17792164  0.16986104  0.9692735  -0.02195539]
 [ 0.          0.          0.          1.        ]]   0.9511873722076416
[[ 0.22832578 -0.12044114 -0.96610624  0.40742969]
 [ 0.70588539  0.70389856  0.07907359 -0.02127751]
 [ 0.67051708 -0.70001482  0.24573583  0.01957421]
 [ 0.          0.          0.          1.        ]]   0.8206373453140259
[[ 0.02132763  0.77487315  0.63175686  0.20307634]
 [-0.78318078  0.40571908 -0.47118987  0.06404677]
 [-0.62142819 -0.48473047  0.61551878  0.01122181]
 [ 0.          0.          0.          1.        ]]   0.8036006689071655
[[ 0.37121583  0.75044669  0.54683505  0.19358945]
 [-0.86734166  0.49051155 -0.08436149  0.0192774 ]
 [-0.33153771 -0.4429765   0.83297933 -0.00844771]
 [ 0.          0.          0.          1.        ]]   0.964279294013977
[[ 0.29578481 -0.90329787 -0.31074797  0.31884279]
 [-0.14668637 -0.36439515  0.9196191  -0.10454764]
 [-0.94392503 -0.22642687 -0.24028404  0.05953367]
 [ 0.          0.          0.          1.        ]]   0.9297507405281067
[[-0.46817098  0.81185916 -0.3488562   0.26696713]
 [-0.46377551  0.11028968  0.87906113 -0.06565591]
 [ 0.75214906  0.57334187  0.32488597  0.02194484]
 [ 0.          0.          0.          1.        ]]   0.8401881456375122
[[ 0.34246836  0.73876161  0.5804711   0.19186625]
 [-0.86485948  0.48926264 -0.11242843  0.02179164]
 [-0.36706063 -0.46352276  0.80648196 -0.00587283]
 [ 0.          0.          0.          1.        ]]   0.9136900305747986
[[ 0.38314327  0.00567242 -0.92367151  0.40388483]
 [ 0.66783985  0.68911937  0.2812551  -0.04685743]
 [ 0.63811532 -0.72462564  0.26024318  0.01831261]
 [ 0.          0.          0.          1.        ]]   0.9307615756988525
[[ 0.23903921 -0.95632868 -0.16821332  0.28270192]
 [ 0.07337955 -0.15494891  0.98519352 -0.08920915]
 [-0.96823329 -0.2478433   0.0331361   0.07528343]
 [ 0.          0.          0.          1.        ]]   0.8766324520111084
[[-0.04630907  0.8716481  -0.48793961  0.33184413]
 [-0.99780925 -0.01726069  0.06386523  0.01852645]
 [ 0.04724583  0.4898282   0.87053786 -0.01182024]
 [ 0.          0.          0.          1.        ]]   0.9763287901878357
[[ 0.2608308  -0.91541599 -0.30656299  0.3173034 ]
 [-0.15580575 -0.35330948  0.92244077 -0.10413212]
 [-0.95272864 -0.19283669 -0.23478107  0.06015505]
 [ 0.          0.          0.          1.        ]]   0.9744053483009338
[[ 0.19827902  0.89295931 -0.40411521  0.28460853]
 [-0.94859774  0.27859123  0.15016412  0.0075779 ]
 [ 0.2466734   0.35356838  0.90229798 -0.02104321]
 [ 0.          0.          0.          1.        ]]   0.913101315498352
[[-0.2291682   0.89881856 -0.37364039  0.28906966]
 [-0.05628567  0.37097734  0.92693459 -0.07836911]
 [ 0.97175813  0.23345453 -0.0344256   0.05203581]
 [ 0.          0.          0.          1.        ]]   0.9027356505393982
[[ 0.2479621  -0.10793843 -0.96273781  0.40728927]
 [ 0.70689645  0.6996856   0.10362174 -0.02466266]
 [ 0.66242901 -0.70625021  0.2497968   0.01957696]
 [ 0.          0.          0.          1.        ]]   0.9545950293540955
[[-0.7268208   0.68681898 -0.0033492   0.22105328]
 [-0.54121945 -0.56972537  0.61846141 -0.01888386]
 [ 0.42286291  0.45132327  0.78580804  0.01979508]
 [ 0.          0.          0.          1.        ]]   0.9659937024116516
[[-0.20046949  0.48062986 -0.85370189  0.38231218]
 [-0.93368778 -0.35764036  0.01790236  0.006649  ]
 [-0.29671384  0.80067991  0.52045421  0.02753656]
 [ 0.          0.          0.          1.        ]]   0.8177067041397095
[[-0.82284219  0.55259864  0.13253481  0.21220002]
 [-0.38067869 -0.70917355  0.59342785 -0.0106474 ]
 [ 0.4219176   0.43784429  0.79390044  0.02421087]
 [ 0.          0.          0.          1.        ]]   0.8697378635406494
[[-0.24269276  0.58022301 -0.77745835  0.37324865]
 [-0.94465961 -0.32369104  0.05331354  0.00741495]
 [-0.22072256  0.74737231  0.62667071  0.01878928]
 [ 0.          0.          0.          1.        ]]   0.839824914932251
[[ 0.01820401  0.88008276 -0.47447124  0.31268754]
 [-0.98829388  0.08773175  0.12481322  0.00971077]
 [ 0.15147215  0.46664492  0.87137748 -0.01659095]
 [ 0.          0.          0.          1.        ]]   0.8744730353355408
[[-0.38554268  0.09102255  0.91818938  0.18712378]
 [ 0.35103936 -0.9058198   0.23719582  0.00995186]
 [ 0.85330429  0.41376972  0.31727969  0.07386637]
 [ 0.          0.          0.          1.        ]]   0.8502481579780579
[[ 0.2041657   0.89362856 -0.39968033  0.28422425]
 [-0.9472309   0.28340436  0.14978513  0.00784565]
 [ 0.24712342  0.34800858  0.90433403 -0.02093645]
 [ 0.          0.          0.          1.        ]]   0.8900852799415588
[[-0.56192942  0.79089711 -0.24231609  0.25429436]
 [-0.57725691 -0.16512821  0.7996919  -0.05399514]
 [ 0.59246079  0.58924905  0.54934121  0.01216821]
 [ 0.          0.          0.          1.        ]]   0.8797820210456848
[[-0.67965318 -0.66415062  0.31140891  0.29793892]
 [-0.71755559  0.69008759 -0.09430315  0.03327219]
 [-0.15226794 -0.28754664 -0.94558522  0.1474128 ]
 [ 0.          0.          0.          1.        ]]   0.8584696054458618
[[ 0.41683567  0.77109164  0.48131665  0.1970317 ]
 [-0.86807631  0.49474895 -0.04082884  0.01517414]
 [-0.26961368 -0.40080066  0.87559539 -0.01335994]
 [ 0.          0.          0.          1.        ]]   0.9447092413902283
[[ 0.80232924 -0.47714397  0.35861041  0.28224502]
 [-0.20038058 -0.78125679 -0.59117294  0.07476697]
 [ 0.56224142  0.40245678 -0.72243555  0.13726805]
 [ 0.          0.          0.          1.        ]]   0.8550740480422974
[[ 0.40031354  0.88730913 -0.22897943  0.25132007]
 [-0.89893991  0.4287537   0.08987382  0.00534983]
 [ 0.17792164  0.16986104  0.9692735  -0.02195539]
 [ 0.          0.          0.          1.        ]]   0.9511873722076416
[[ 0.22832578 -0.12044114 -0.96610624  0.40742969]
 [ 0.70588539  0.70389856  0.07907359 -0.02127751]
 [ 0.67051708 -0.70001482  0.24573583  0.01957421]
 [ 0.          0.          0.          1.        ]]   0.8206373453140259
[[ 0.37121583  0.75044669  0.54683505  0.19358945]
 [-0.86734166  0.49051155 -0.08436149  0.0192774 ]
 [-0.33153771 -0.4429765   0.83297933 -0.00844771]
 [ 0.          0.          0.          1.        ]]   0.964279294013977
[[ 0.29578481 -0.90329787 -0.31074797  0.31884279]
 [-0.14668637 -0.36439515  0.9196191  -0.10454764]
 [-0.94392503 -0.22642687 -0.24028404  0.05953367]
 [ 0.          0.          0.          1.        ]]   0.9297507405281067
[[-0.46817098  0.81185916 -0.3488562   0.26696713]
 [-0.46377551  0.11028968  0.87906113 -0.06565591]
 [ 0.75214906  0.57334187  0.32488597  0.02194484]
 [ 0.          0.          0.          1.        ]]   0.8401881456375122
[[ 0.34246836  0.73876161  0.5804711   0.19186625]
 [-0.86485948  0.48926264 -0.11242843  0.02179164]
 [-0.36706063 -0.46352276  0.80648196 -0.00587283]
 [ 0.          0.          0.          1.        ]]   0.9136900305747986
[[ 0.20639004 -0.09833901  0.97351558  0.19811012]
 [ 0.39375195 -0.90247449 -0.17464017  0.03335029]
 [ 0.89574692  0.41936765 -0.14754057  0.10547685]
 [ 0.          0.          0.          1.        ]]   0.8142511248588562
[[ 0.38314327  0.00567242 -0.92367151  0.40388483]
 [ 0.66783985  0.68911937  0.2812551  -0.04685743]
 [ 0.63811532 -0.72462564  0.26024318  0.01831261]
 [ 0.          0.          0.          1.        ]]   0.9307615756988525
[[ 0.23903921 -0.95632868 -0.16821332  0.28270192]
 [ 0.07337955 -0.15494891  0.98519352 -0.08920915]
 [-0.96823329 -0.2478433   0.0331361   0.07528343]
 [ 0.          0.          0.          1.        ]]   0.8766324520111084
[[-0.04630907  0.8716481  -0.48793961  0.33184413]
 [-0.99780925 -0.01726069  0.06386523  0.01852645]
 [ 0.04724583  0.4898282   0.87053786 -0.01182024]
 [ 0.          0.          0.          1.        ]]   0.9763287901878357
[[ 0.2608308  -0.91541599 -0.30656299  0.3173034 ]
 [-0.15580575 -0.35330948  0.92244077 -0.10413212]
 [-0.95272864 -0.19283669 -0.23478107  0.06015505]
 [ 0.          0.          0.          1.        ]]   0.9744053483009338
[[ 0.19827902  0.89295931 -0.40411521  0.28460853]
 [-0.94859774  0.27859123  0.15016412  0.0075779 ]
 [ 0.2466734   0.35356838  0.90229798 -0.02104321]
 [ 0.          0.          0.          1.        ]]   0.913101315498352
[[-0.2291682   0.89881856 -0.37364039  0.28906966]
 [-0.05628567  0.37097734  0.92693459 -0.07836911]
 [ 0.97175813  0.23345453 -0.0344256   0.05203581]
 [ 0.          0.          0.          1.        ]]   0.9027356505393982
[[ 0.2479621  -0.10793843 -0.96273781  0.40728927]
 [ 0.70689645  0.6996856   0.10362174 -0.02466266]
 [ 0.66242901 -0.70625021  0.2497968   0.01957696]
 [ 0.          0.          0.          1.        ]]   0.9545950293540955
[[-0.7268208   0.68681898 -0.0033492   0.22105328]
 [-0.54121945 -0.56972537  0.61846141 -0.01888386]
 [ 0.42286291  0.45132327  0.78580804  0.01979508]
 [ 0.          0.          0.          1.        ]]   0.9659937024116516
[[-0.20046949  0.48062986 -0.85370189  0.38231218]
 [-0.93368778 -0.35764036  0.01790236  0.006649  ]
 [-0.29671384  0.80067991  0.52045421  0.02753656]
 [ 0.          0.          0.          1.        ]]   0.8177067041397095
[[-0.82284219  0.55259864  0.13253481  0.21220002]
 [-0.38067869 -0.70917355  0.59342785 -0.0106474 ]
 [ 0.4219176   0.43784429  0.79390044  0.02421087]
 [ 0.          0.          0.          1.        ]]   0.8697378635406494
[[-0.24269276  0.58022301 -0.77745835  0.37324865]
 [-0.94465961 -0.32369104  0.05331354  0.00741495]
 [-0.22072256  0.74737231  0.62667071  0.01878928]
 [ 0.          0.          0.          1.        ]]   0.965048611164093
[[-0.38554268  0.09102255  0.91818938  0.18712378]
 [ 0.35103936 -0.9058198   0.23719582  0.00995186]
 [ 0.85330429  0.41376972  0.31727969  0.07386637]
 [ 0.          0.          0.          1.        ]]   0.8502481579780579
[[-0.23431587  0.90338404 -0.35915644  0.29279276]
 [ 0.120501    0.39358158  0.9113578  -0.0827915 ]
 [ 0.96466346  0.17026688 -0.20108109  0.06589242]
 [ 0.          0.          0.          1.        ]]   0.9209905862808228
[[ 0.2041657   0.89362856 -0.39968033  0.28422425]
 [-0.9472309   0.28340436  0.14978513  0.00784565]
 [ 0.24712342  0.34800858  0.90433403 -0.02093645]
 [ 0.          0.          0.          1.        ]]   0.8900852799415588
[[-0.31459754 -0.46685908 -0.82648109  0.38940698]
 [ 0.56366446  0.60867807 -0.55838462  0.05783794]
 [ 0.76374784 -0.64152444  0.07166325  0.03532396]
 [ 0.          0.          0.          1.        ]]   0.8626121282577515
[[-0.18692666  0.73453871 -0.65231228  0.36186587]
 [-0.97785809 -0.20272083  0.05194054  0.01164572]
 [-0.09408495  0.64757791  0.75616854  0.00730412]
 [ 0.          0.          0.          1.        ]]   0.9003388285636902
[[-0.56192942  0.79089711 -0.24231609  0.25429436]
 [-0.57725691 -0.16512821  0.7996919  -0.05399514]
 [ 0.59246079  0.58924905  0.54934121  0.01216821]
 [ 0.          0.          0.          1.        ]]   0.8797820210456848
[[-0.67965318 -0.66415062  0.31140891  0.29793892]
 [-0.71755559  0.69008759 -0.09430315  0.03327219]
 [-0.15226794 -0.28754664 -0.94558522  0.1474128 ]
 [ 0.          0.          0.          1.        ]]   0.8584696054458618
[[ 0.41683567  0.77109164  0.48131665  0.1970317 ]
 [-0.86807631  0.49474895 -0.04082884  0.01517414]
 [-0.26961368 -0.40080066  0.87559539 -0.01335994]
 [ 0.          0.          0.          1.        ]]   0.9447092413902283
[[ 0.80232924 -0.47714397  0.35861041  0.28224502]
 [-0.20038058 -0.78125679 -0.59117294  0.07476697]
 [ 0.56224142  0.40245678 -0.72243555  0.13726805]
 [ 0.          0.          0.          1.        ]]   0.8550740480422974
[[ 0.40031354  0.88730913 -0.22897943  0.25132007]
 [-0.89893991  0.4287537   0.08987382  0.00534983]
 [ 0.17792164  0.16986104  0.9692735  -0.02195539]
 [ 0.          0.          0.          1.        ]]   0.9511873722076416
[[ 0.37121583  0.75044669  0.54683505  0.19358945]
 [-0.86734166  0.49051155 -0.08436149  0.0192774 ]
 [-0.33153771 -0.4429765   0.83297933 -0.00844771]
 [ 0.          0.          0.          1.        ]]   0.964279294013977
[[ 0.29578481 -0.90329787 -0.31074797  0.31884279]
 [-0.14668637 -0.36439515  0.9196191  -0.10454764]
 [-0.94392503 -0.22642687 -0.24028404  0.05953367]
 [ 0.          0.          0.          1.        ]]   0.9297507405281067
[[-0.46817098  0.81185916 -0.3488562   0.26696713]
 [-0.46377551  0.11028968  0.87906113 -0.06565591]
 [ 0.75214906  0.57334187  0.32488597  0.02194484]
 [ 0.          0.          0.          1.        ]]   0.9653241634368896
[[ 0.38016932  0.00215495 -0.9249144   0.40491847]
 [ 0.66888048  0.69001823  0.27653888 -0.04610755]
 [ 0.63880372 -0.72378878  0.26088236  0.01727311]
 [ 0.          0.          0.          1.        ]]   0.8631771206855774
[[ 0.34246836  0.73876161  0.5804711   0.19186625]
 [-0.86485948  0.48926264 -0.11242843  0.02179164]
 [-0.36706063 -0.46352276  0.80648196 -0.00587283]
 [ 0.          0.          0.          1.        ]]   0.9136900305747986
[[ 0.33297367 -0.20841354  0.91961532  0.20723552]
 [ 0.27761206 -0.91037499 -0.30683697  0.04114176]
 [ 0.90114376  0.35746493 -0.24527279  0.10899632]
 [ 0.          0.          0.          1.        ]]   0.8642604351043701
[[ 0.20639004 -0.09833901  0.97351558  0.19811012]
 [ 0.39375195 -0.90247449 -0.17464017  0.03335029]
 [ 0.89574692  0.41936765 -0.14754057  0.10547685]
 [ 0.          0.          0.          1.        ]]   0.8142511248588562
[[ 0.38314327  0.00567242 -0.92367151  0.40388483]
 [ 0.66783985  0.68911937  0.2812551  -0.04685743]
 [ 0.63811532 -0.72462564  0.26024318  0.01831261]
 [ 0.          0.          0.          1.        ]]   0.9307615756988525
[[-0.05883708  0.86100048 -0.50518944  0.33803112]
 [-0.9979274  -0.0375187   0.05228041  0.01997938]
 [ 0.0260594   0.50721841  0.86142347 -0.0099463 ]
 [ 0.          0.          0.          1.        ]]   0.9115861654281616
[[ 0.23903921 -0.95632868 -0.16821332  0.28270192]
 [ 0.07337955 -0.15494891  0.98519352 -0.08920915]
 [-0.96823329 -0.2478433   0.0331361   0.07528343]
 [ 0.          0.          0.          1.        ]]   0.8766324520111084
[[ 0.2608308  -0.91541599 -0.30656299  0.3173034 ]
 [-0.15580575 -0.35330948  0.92244077 -0.10413212]
 [-0.95272864 -0.19283669 -0.23478107  0.06015505]
 [ 0.          0.          0.          1.        ]]   0.9744053483009338
[[ 0.19827902  0.89295931 -0.40411521  0.28460853]
 [-0.94859774  0.27859123  0.15016412  0.0075779 ]
 [ 0.2466734   0.35356838  0.90229798 -0.02104321]
 [ 0.          0.          0.          1.        ]]   0.913101315498352
[[-0.2291682   0.89881856 -0.37364039  0.28906966]
 [-0.05628567  0.37097734  0.92693459 -0.07836911]
 [ 0.97175813  0.23345453 -0.0344256   0.05203581]
 [ 0.          0.          0.          1.        ]]   0.8883129954338074
[[-0.7268208   0.68681898 -0.0033492   0.22105328]
 [-0.54121945 -0.56972537  0.61846141 -0.01888386]
 [ 0.42286291  0.45132327  0.78580804  0.01979508]
 [ 0.          0.          0.          1.        ]]   0.9659937024116516
[[-0.20046949  0.48062986 -0.85370189  0.38231218]
 [-0.93368778 -0.35764036  0.01790236  0.006649  ]
 [-0.29671384  0.80067991  0.52045421  0.02753656]
 [ 0.          0.          0.          1.        ]]   0.8177067041397095
[[-0.82284219  0.55259864  0.13253481  0.21220002]
 [-0.38067869 -0.70917355  0.59342785 -0.0106474 ]
 [ 0.4219176   0.43784429  0.79390044  0.02421087]
 [ 0.          0.          0.          1.        ]]   0.8697378635406494
[[-0.24269276  0.58022301 -0.77745835  0.37324865]
 [-0.94465961 -0.32369104  0.05331354  0.00741495]
 [-0.22072256  0.74737231  0.62667071  0.01878928]
 [ 0.          0.          0.          1.        ]]   0.965048611164093
[[-0.23431587  0.90338404 -0.35915644  0.29279276]
 [ 0.120501    0.39358158  0.9113578  -0.0827915 ]
 [ 0.96466346  0.17026688 -0.20108109  0.06589242]
 [ 0.          0.          0.          1.        ]]   0.9209905862808228
[[ 0.3163786   0.88857083 -0.33218439  0.26626761]
 [-0.92186362  0.37058474  0.11328909  0.00573414]
 [ 0.22376784  0.27038646  0.9363862  -0.02209795]
 [ 0.          0.          0.          1.        ]]   0.8880064487457275
[[-0.31459754 -0.46685908 -0.82648109  0.38940698]
 [ 0.56366446  0.60867807 -0.55838462  0.05783794]
 [ 0.76374784 -0.64152444  0.07166325  0.03532396]
 [ 0.          0.          0.          1.        ]]   0.8626121282577515
[[-0.18692666  0.73453871 -0.65231228  0.36186587]
 [-0.97785809 -0.20272083  0.05194054  0.01164572]
 [-0.09408495  0.64757791  0.75616854  0.00730412]
 [ 0.          0.          0.          1.        ]]   0.9003388285636902
[[-0.56192942  0.79089711 -0.24231609  0.25429436]
 [-0.57725691 -0.16512821  0.7996919  -0.05399514]
 [ 0.59246079  0.58924905  0.54934121  0.01216821]
 [ 0.          0.          0.          1.        ]]   0.8797820210456848
[[-0.67965318 -0.66415062  0.31140891  0.29793892]
 [-0.71755559  0.69008759 -0.09430315  0.03327219]
 [-0.15226794 -0.28754664 -0.94558522  0.1474128 ]
 [ 0.          0.          0.          1.        ]]   0.8584696054458618
[[ 0.80232924 -0.47714397  0.35861041  0.28224502]
 [-0.20038058 -0.78125679 -0.59117294  0.07476697]
 [ 0.56224142  0.40245678 -0.72243555  0.13726805]
 [ 0.          0.          0.          1.        ]]   0.8550740480422974
[[ 0.40031354  0.88730913 -0.22897943  0.25132007]
 [-0.89893991  0.4287537   0.08987382  0.00534983]
 [ 0.17792164  0.16986104  0.9692735  -0.02195539]
 [ 0.          0.          0.          1.        ]]   0.9511873722076416
[[-0.28939374  0.82083861  0.49241776  0.23370612]
 [-0.65668969  0.20402599 -0.7260386   0.10178773]
 [-0.69642653 -0.53347669  0.47999241  0.02934523]
 [ 0.          0.          0.          1.        ]]   0.929287850856781
[[ 0.37121583  0.75044669  0.54683505  0.19358945]
 [-0.86734166  0.49051155 -0.08436149  0.0192774 ]
 [-0.33153771 -0.4429765   0.83297933 -0.00844771]
 [ 0.          0.          0.          1.        ]]   0.964279294013977
[[-0.46817098  0.81185916 -0.3488562   0.26696713]
 [-0.46377551  0.11028968  0.87906113 -0.06565591]
 [ 0.75214906  0.57334187  0.32488597  0.02194484]
 [ 0.          0.          0.          1.        ]]   0.9612073302268982
[[ 0.38016932  0.00215495 -0.9249144   0.40491847]
 [ 0.66888048  0.69001823  0.27653888 -0.04610755]
 [ 0.63880372 -0.72378878  0.26088236  0.01727311]
 [ 0.          0.          0.          1.        ]]   0.8631771206855774
[[ 0.49191229  0.84696106  0.201691    0.21379578]
 [-0.86757215  0.49628737  0.03189693  0.00807125]
 [-0.07308124 -0.19067198  0.97892968 -0.01806611]
 [ 0.          0.          0.          1.        ]]   0.8135297894477844
[[ 0.33297367 -0.20841354  0.91961532  0.20723552]
 [ 0.27761206 -0.91037499 -0.30683697  0.04114176]
 [ 0.90114376  0.35746493 -0.24527279  0.10899632]
 [ 0.          0.          0.          1.        ]]   0.8642604351043701
[[ 0.20639004 -0.09833901  0.97351558  0.19811012]
 [ 0.39375195 -0.90247449 -0.17464017  0.03335029]
 [ 0.89574692  0.41936765 -0.14754057  0.10547685]
 [ 0.          0.          0.          1.        ]]   0.8142511248588562
[[ 0.38314327  0.00567242 -0.92367151  0.40388483]
 [ 0.66783985  0.68911937  0.2812551  -0.04685743]
 [ 0.63811532 -0.72462564  0.26024318  0.01831261]
 [ 0.          0.          0.          1.        ]]   0.9307615756988525
[[-0.05883708  0.86100048 -0.50518944  0.33803112]
 [-0.9979274  -0.0375187   0.05228041  0.01997938]
 [ 0.0260594   0.50721841  0.86142347 -0.0099463 ]
 [ 0.          0.          0.          1.        ]]   0.9115861654281616
[[ 0.23903921 -0.95632868 -0.16821332  0.28270192]
 [ 0.07337955 -0.15494891  0.98519352 -0.08920915]
 [-0.96823329 -0.2478433   0.0331361   0.07528343]
 [ 0.          0.          0.          1.        ]]   0.8766324520111084
[[-0.7214437   0.1705566   0.6711404   0.19100041]
 [ 0.19903716 -0.87722132  0.43688324  0.00276665]
 [ 0.66325198  0.44876853  0.5989187   0.0497857 ]
 [ 0.          0.          0.          1.        ]]   0.8146708607673645
[[ 0.2608308  -0.91541599 -0.30656299  0.3173034 ]
 [-0.15580575 -0.35330948  0.92244077 -0.10413212]
 [-0.95272864 -0.19283669 -0.23478107  0.06015505]
 [ 0.          0.          0.          1.        ]]   0.9744053483009338
[[-0.2291682   0.89881856 -0.37364039  0.28906966]
 [-0.05628567  0.37097734  0.92693459 -0.07836911]
 [ 0.97175813  0.23345453 -0.0344256   0.05203581]
 [ 0.          0.          0.          1.        ]]   0.8883129954338074
[[ 0.03291548  0.8848842  -0.46464666  0.30966496]
 [-0.98675845  0.10264791  0.12558334  0.010265  ]
 [ 0.15882172  0.45436038  0.87654567 -0.01738616]
 [ 0.          0.          0.          1.        ]]   0.808865487575531
[[-0.7268208   0.68681898 -0.0033492   0.22105328]
 [-0.54121945 -0.56972537  0.61846141 -0.01888386]
 [ 0.42286291  0.45132327  0.78580804  0.01979508]
 [ 0.          0.          0.          1.        ]]   0.9659937024116516
[[-0.20046949  0.48062986 -0.85370189  0.38231218]
 [-0.93368778 -0.35764036  0.01790236  0.006649  ]
 [-0.29671384  0.80067991  0.52045421  0.02753656]
 [ 0.          0.          0.          1.        ]]   0.8177067041397095
[[-0.82284219  0.55259864  0.13253481  0.21220002]
 [-0.38067869 -0.70917355  0.59342785 -0.0106474 ]
 [ 0.4219176   0.43784429  0.79390044  0.02421087]
 [ 0.          0.          0.          1.        ]]   0.8697378635406494
[[-0.24269276  0.58022301 -0.77745835  0.37324865]
 [-0.94465961 -0.32369104  0.05331354  0.00741495]
 [-0.22072256  0.74737231  0.62667071  0.01878928]
 [ 0.          0.          0.          1.        ]]   0.965048611164093
[[ 0.14707857  0.89507973 -0.42095151  0.29372508]
 [-0.96413059  0.22479819  0.14113109  0.00934965]
 [ 0.22095272  0.38509487  0.89603674 -0.02040696]
 [ 0.          0.          0.          1.        ]]   0.9620397090911865
[[-0.59573907  0.78595769 -0.16542512  0.2424794 ]
 [-0.65045508 -0.35129105  0.67342615 -0.03886256]
 [ 0.4711721   0.50878788  0.72050798  0.01235547]
 [ 0.          0.          0.          1.        ]]   0.8885440826416016
[[-0.13651584 -0.37258247 -0.9179029   0.39815814]
 [ 0.62785705  0.68417065 -0.37108765  0.03856904]
 [ 0.76626298 -0.62697115  0.1405284   0.02843485]
 [ 0.          0.          0.          1.        ]]   0.8527705073356628
[[-0.33410202  0.86043653 -0.38473993  0.27616737]
 [-0.35669012  0.26241454  0.89661071 -0.0700424 ]
 [ 0.87243796  0.43679238  0.21923598  0.03224434]
 [ 0.          0.          0.          1.        ]]   0.9194068312644958
[[-0.23431587  0.90338404 -0.35915644  0.29279276]
 [ 0.120501    0.39358158  0.9113578  -0.0827915 ]
 [ 0.96466346  0.17026688 -0.20108109  0.06589242]
 [ 0.          0.          0.          1.        ]]   0.9209905862808228
[[ 0.3163786   0.88857083 -0.33218439  0.26626761]
 [-0.92186362  0.37058474  0.11328909  0.00573414]
 [ 0.22376784  0.27038646  0.9363862  -0.02209795]
 [ 0.          0.          0.          1.        ]]   0.8880064487457275
[[-0.31459754 -0.46685908 -0.82648109  0.38940698]
 [ 0.56366446  0.60867807 -0.55838462  0.05783794]
 [ 0.76374784 -0.64152444  0.07166325  0.03532396]
 [ 0.          0.          0.          1.        ]]   0.8626121282577515
[[-0.18692666  0.73453871 -0.65231228  0.36186587]
 [-0.97785809 -0.20272083  0.05194054  0.01164572]
 [-0.09408495  0.64757791  0.75616854  0.00730412]
 [ 0.          0.          0.          1.        ]]   0.9003388285636902
[[-0.56192942  0.79089711 -0.24231609  0.25429436]
 [-0.57725691 -0.16512821  0.7996919  -0.05399514]
 [ 0.59246079  0.58924905  0.54934121  0.01216821]
 [ 0.          0.          0.          1.        ]]   0.8797820210456848
[[-0.67965318 -0.66415062  0.31140891  0.29793892]
 [-0.71755559  0.69008759 -0.09430315  0.03327219]
 [-0.15226794 -0.28754664 -0.94558522  0.1474128 ]
 [ 0.          0.          0.          1.        ]]   0.8584696054458618
[[ 0.80232924 -0.47714397  0.35861041  0.28224502]
 [-0.20038058 -0.78125679 -0.59117294  0.07476697]
 [ 0.56224142  0.40245678 -0.72243555  0.13726805]
 [ 0.          0.          0.          1.        ]]   0.8550740480422974
[[ 0.40031354  0.88730913 -0.22897943  0.25132007]
 [-0.89893991  0.4287537   0.08987382  0.00534983]
 [ 0.17792164  0.16986104  0.9692735  -0.02195539]
 [ 0.          0.          0.          1.        ]]   0.9511873722076416
[[-0.28939374  0.82083861  0.49241776  0.23370612]
 [-0.65668969  0.20402599 -0.7260386   0.10178773]
 [-0.69642653 -0.53347669  0.47999241  0.02934523]
 [ 0.          0.          0.          1.        ]]   0.929287850856781
[[-0.3476061  -0.93692264 -0.03668738  0.29017848]
 [-0.29053266  0.07042337  0.95427005 -0.09817665]
 [-0.89149356  0.34236897 -0.29668622  0.07603927]
 [ 0.          0.          0.          1.        ]]   0.8825985789299011
[[ 0.37121583  0.75044669  0.54683505  0.19358945]
 [-0.86734166  0.49051155 -0.08436149  0.0192774 ]
 [-0.33153771 -0.4429765   0.83297933 -0.00844771]
 [ 0.          0.          0.          1.        ]]   0.964279294013977
[[-0.46817098  0.81185916 -0.3488562   0.26696713]
 [-0.46377551  0.11028968  0.87906113 -0.06565591]
 [ 0.75214906  0.57334187  0.32488597  0.02194484]
 [ 0.          0.          0.          1.        ]]   0.9612073302268982
[[ 0.38016932  0.00215495 -0.9249144   0.40491847]
 [ 0.66888048  0.69001823  0.27653888 -0.04610755]
 [ 0.63880372 -0.72378878  0.26088236  0.01727311]
 [ 0.          0.          0.          1.        ]]   0.8631771206855774
[[ 0.49191229  0.84696106  0.201691    0.21379578]
 [-0.86757215  0.49628737  0.03189693  0.00807125]
 [-0.07308124 -0.19067198  0.97892968 -0.01806611]
 [ 0.          0.          0.          1.        ]]   0.8135297894477844
[[ 0.33297367 -0.20841354  0.91961532  0.20723552]
 [ 0.27761206 -0.91037499 -0.30683697  0.04114176]
 [ 0.90114376  0.35746493 -0.24527279  0.10899632]
 [ 0.          0.          0.          1.        ]]   0.8642604351043701
[[-0.89122573 -0.44959138  0.05986889  0.30142794]
 [-0.01958652 -0.09372469 -0.99540547  0.13994556]
 [ 0.45313691 -0.8883036   0.07472392  0.04207118]
 [ 0.          0.          0.          1.        ]]   0.955187201499939
[[ 0.20639004 -0.09833901  0.97351558  0.19811012]
 [ 0.39375195 -0.90247449 -0.17464017  0.03335029]
 [ 0.89574692  0.41936765 -0.14754057  0.10547685]
 [ 0.          0.          0.          1.        ]]   0.8142511248588562
[[ 0.38314327  0.00567242 -0.92367151  0.40388483]
 [ 0.66783985  0.68911937  0.2812551  -0.04685743]
 [ 0.63811532 -0.72462564  0.26024318  0.01831261]
 [ 0.          0.          0.          1.        ]]   0.9307615756988525
[[-0.05883708  0.86100048 -0.50518944  0.33803112]
 [-0.9979274  -0.0375187   0.05228041  0.01997938]
