[[-0.62557634 -0.77388189 -0.09879812  0.30967676]
 [ 0.2822534  -0.1064443  -0.95341629  0.0025517 ]
 [ 0.7273151  -0.62432078  0.28501983  0.02811944]
 [ 0.          0.          0.          1.        ]]   0.8014399409294128
[[-0.13468578  0.06750843 -0.98858604  0.40440281]
 [-0.42073931 -0.90716979 -0.00462681 -0.02507693]
 [-0.89712774  0.41531384  0.15058632  0.07776425]
 [ 0.          0.          0.          1.        ]]   0.9007266759872437
[[ 0.33739482  0.86755147 -0.36540278  0.39198901]
 [ 0.19115203 -0.44321571 -0.8757972   0.13062734]
 [-0.9217514   0.22564195 -0.31537291  0.07908787]
 [ 0.          0.          0.          1.        ]]   0.8376224040985107
[[ 0.18687556  0.95981757  0.20935079  0.26747366]
 [-0.79722206  0.27269236 -0.53858691  0.05187705]
 [-0.57403354 -0.06625034  0.81614728  0.00135596]
 [ 0.          0.          0.          1.        ]]   0.8878269195556641
[[-0.15402937  0.77879068  0.60807896  0.17521605]
 [-0.2706414   0.55863238 -0.78401728  0.09780424]
 [-0.95027795 -0.28533303  0.12472721  0.02874633]
 [ 0.          0.          0.          1.        ]]   0.8813244104385376
[[ 0.32874873  0.88822829 -0.32089684  0.38903875]
 [ 0.24490518 -0.40833812 -0.87936422  0.13098338]
 [-0.91211059  0.21050057 -0.35177235  0.08426586]
 [ 0.          0.          0.          1.        ]]   0.8912292718887329
[[-0.42346793 -0.90190062  0.08514797  0.25687296]
 [ 0.23222602 -0.0172226   0.97250936 -0.11910612]
 [-0.87564033  0.4316001   0.21673801  0.04725656]
 [ 0.          0.          0.          1.        ]]   0.996471643447876
[[ 0.01808948 -0.99807843 -0.05926397  0.33137539]
 [ 0.73770016 -0.02668619  0.67460086 -0.10270255]
 [-0.6748861  -0.05592222  0.73579988 -0.01359261]
 [ 0.          0.          0.          1.        ]]   0.9086287617683411
[[-0.8279902  -0.47995497 -0.28995768  0.31103502]
 [ 0.38003096 -0.10007839 -0.91954379 -0.01640267]
 [ 0.41232112 -0.87156614  0.26526167  0.01741976]
 [ 0.          0.          0.          1.        ]]   0.8686915636062622
[[ 0.40487667  0.81418113 -0.41615377  0.39044475]
 [ 0.13645285 -0.50382909 -0.85295771  0.13367167]
 [-0.90413246  0.28855731 -0.31508598  0.07679339]
 [ 0.          0.          0.          1.        ]]   0.9480425715446472
[[ 0.01095938  0.80083993  0.59877817  0.18570504]
 [-0.37961316  0.55731664 -0.7384389   0.07852133]
 [-0.9250804  -0.21921125  0.31011722  0.01214435]
 [ 0.          0.          0.          1.        ]]   0.9507766366004944
[[-0.01032448 -0.99990103 -0.00955654  0.3161487 ]
 [-0.0198679   0.00976029 -0.99975497  0.04298371]
 [ 0.9997493  -0.01013208 -0.0199667   0.0510401 ]
 [ 0.          0.          0.          1.        ]]   0.8918349742889404
[[-0.4817088   0.39503611  0.78224235  0.28392322]
 [-0.35903549  0.72531128 -0.58738153  0.14022596]
 [-0.79940612 -0.56379962 -0.20755684  0.05131286]
 [ 0.          0.          0.          1.        ]]   0.9903180599212646
[[-0.06247921  0.78313319  0.61870732  0.17815406]
 [-0.31473513  0.57282695 -0.75684284  0.08513975]
 [-0.94712098 -0.24201587  0.21068976  0.01887133]
 [ 0.          0.          0.          1.        ]]   0.9946115016937256
[[-0.17201558  0.79745196  0.57834334  0.18273017]
 [-0.2275799   0.53904249 -0.81095042  0.11454396]
 [-0.95844563 -0.27111543  0.08876033  0.03211962]
 [ 0.          0.          0.          1.        ]]   0.8050625920295715
[[ 0.41287119  0.79569899 -0.44317095  0.39334234]
 [ 0.10412725 -0.52462601 -0.84494087  0.13098025]
 [-0.9048176   0.30270557 -0.29945691  0.07579024]
 [ 0.          0.          0.          1.        ]]   0.9358053803443909
[[-0.12536888  0.88712375  0.444178    0.21167081]
 [-0.23685073  0.40800213 -0.88172331  0.1393395 ]
 [-0.96342326 -0.21574455  0.15896514  0.02610481]
 [ 0.          0.          0.          1.        ]]   0.8743866086006165
[[ 0.38177035  0.84476209 -0.37500455  0.38516788]
 [ 0.18488891 -0.46733627 -0.86453045  0.13816253]
 [-0.90557578  0.26071791 -0.33460228  0.08005406]
 [ 0.          0.          0.          1.        ]]   0.9208821058273315
[[-0.53946312  0.65637039 -0.52740635  0.39432165]
 [-0.50533654 -0.7534017  -0.42073848  0.00576384]
 [-0.67350912  0.0395448   0.73812037  0.03434756]
 [ 0.          0.          0.          1.        ]]   0.8561533689498901
[[ 0.00683615  0.79488643  0.60671973  0.18484587]
 [-0.37603925  0.56424322 -0.73499937  0.07722424]
 [-0.92657852 -0.22312587  0.30276575  0.0123914 ]
 [ 0.          0.          0.          1.        ]]   0.9523214101791382
[[-0.13307209  0.82124019  0.55484807  0.18938591]
 [-0.25792351  0.51184276 -0.81944643  0.11902333]
 [-0.9569573  -0.25215381  0.14370517  0.02676006]
 [ 0.          0.          0.          1.        ]]   0.9715888500213623
[[-0.62557634 -0.77388189 -0.09879812  0.30967676]
 [ 0.2822534  -0.1064443  -0.95341629  0.0025517 ]
 [ 0.7273151  -0.62432078  0.28501983  0.02811944]
 [ 0.          0.          0.          1.        ]]   0.8014399409294128
[[-0.13468578  0.06750843 -0.98858604  0.40440281]
 [-0.42073931 -0.90716979 -0.00462681 -0.02507693]
 [-0.89712774  0.41531384  0.15058632  0.07776425]
 [ 0.          0.          0.          1.        ]]   0.9007266759872437
[[ 0.33739482  0.86755147 -0.36540278  0.39198901]
 [ 0.19115203 -0.44321571 -0.8757972   0.13062734]
 [-0.9217514   0.22564195 -0.31537291  0.07908787]
 [ 0.          0.          0.          1.        ]]   0.8376224040985107
[[-0.5130726   0.56444316 -0.64665325  0.40227353]
 [-0.4683948  -0.81542765 -0.34012359 -0.00101277]
 [-0.71927938  0.12838092  0.68275583  0.04041464]
 [ 0.          0.          0.          1.        ]]   0.8049060702323914
[[ 0.18687556  0.95981757  0.20935079  0.26747366]
 [-0.79722206  0.27269236 -0.53858691  0.05187705]
 [-0.57403354 -0.06625034  0.81614728  0.00135596]
 [ 0.          0.          0.          1.        ]]   0.8979930281639099
[[-0.15402937  0.77879068  0.60807896  0.17521605]
 [-0.2706414   0.55863238 -0.78401728  0.09780424]
 [-0.95027795 -0.28533303  0.12472721  0.02874633]
 [ 0.          0.          0.          1.        ]]   0.8813244104385376
[[-0.03413071  0.99479627  0.09599722  0.30423448]
 [-0.81835117  0.02732027 -0.57406878  0.04801943]
 [-0.57370415 -0.09815282  0.81316024  0.01180236]
 [ 0.          0.          0.          1.        ]]   0.9531776905059814
[[ 0.32874873  0.88822829 -0.32089684  0.38903875]
 [ 0.24490518 -0.40833812 -0.87936422  0.13098338]
 [-0.91211059  0.21050057 -0.35177235  0.08426586]
 [ 0.          0.          0.          1.        ]]   0.8912292718887329
[[-0.42346793 -0.90190062  0.08514797  0.25687296]
 [ 0.23222602 -0.0172226   0.97250936 -0.11910612]
 [-0.87564033  0.4316001   0.21673801  0.04725656]
 [ 0.          0.          0.          1.        ]]   0.996471643447876
[[ 0.01808948 -0.99807843 -0.05926397  0.33137539]
 [ 0.73770016 -0.02668619  0.67460086 -0.10270255]
 [-0.6748861  -0.05592222  0.73579988 -0.01359261]
 [ 0.          0.          0.          1.        ]]   0.9296123385429382
[[-0.8279902  -0.47995497 -0.28995768  0.31103502]
 [ 0.38003096 -0.10007839 -0.91954379 -0.01640267]
 [ 0.41232112 -0.87156614  0.26526167  0.01741976]
 [ 0.          0.          0.          1.        ]]   0.8686915636062622
[[ 0.40487667  0.81418113 -0.41615377  0.39044475]
 [ 0.13645285 -0.50382909 -0.85295771  0.13367167]
 [-0.90413246  0.28855731 -0.31508598  0.07679339]
 [ 0.          0.          0.          1.        ]]   0.9480425715446472
[[ 0.01095938  0.80083993  0.59877817  0.18570504]
 [-0.37961316  0.55731664 -0.7384389   0.07852133]
 [-0.9250804  -0.21921125  0.31011722  0.01214435]
 [ 0.          0.          0.          1.        ]]   0.9507766366004944
[[-0.49059334 -0.86618148  0.09512002  0.29393845]
 [ 0.37103372 -0.10887508  0.92221483 -0.11940228]
 [-0.78844921  0.48772519  0.37479592  0.01190892]
 [ 0.          0.          0.          1.        ]]   0.9460927248001099
[[ 0.22523576  0.93510332  0.27358844  0.25136714]
 [-0.75098108  0.34552185 -0.56270957  0.05188788]
 [-0.62072237 -0.07871743  0.78006878 -0.00128122]
 [ 0.          0.          0.          1.        ]]   0.9932476282119751
[[-0.4817088   0.39503611  0.78224235  0.28392322]
 [-0.35903549  0.72531128 -0.58738153  0.14022596]
 [-0.79940612 -0.56379962 -0.20755684  0.05131286]
 [ 0.          0.          0.          1.        ]]   0.9903180599212646
[[-0.17201558  0.79745196  0.57834334  0.18273017]
 [-0.2275799   0.53904249 -0.81095042  0.11454396]
 [-0.95844563 -0.27111543  0.08876033  0.03211962]
 [ 0.          0.          0.          1.        ]]   0.8050625920295715
[[ 0.41287119  0.79569899 -0.44317095  0.39334234]
 [ 0.10412725 -0.52462601 -0.84494087  0.13098025]
 [-0.9048176   0.30270557 -0.29945691  0.07579024]
 [ 0.          0.          0.          1.        ]]   0.9358053803443909
[[-0.44265739 -0.34150569 -0.82911296  0.3761918 ]
 [ 0.80808381  0.24884296 -0.53392672  0.06741339]
 [ 0.38865794 -0.90633936  0.16581304  0.03262671]
 [ 0.          0.          0.          1.        ]]   0.8811272382736206
[[-0.12536888  0.88712375  0.444178    0.21167081]
 [-0.23685073  0.40800213 -0.88172331  0.1393395 ]
 [-0.96342326 -0.21574455  0.15896514  0.02610481]
 [ 0.          0.          0.          1.        ]]   0.8743866086006165
[[ 0.38177035  0.84476209 -0.37500455  0.38516788]
 [ 0.18488891 -0.46733627 -0.86453045  0.13816253]
 [-0.90557578  0.26071791 -0.33460228  0.08005406]
 [ 0.          0.          0.          1.        ]]   0.9208821058273315
[[-0.53946312  0.65637039 -0.52740635  0.39432165]
 [-0.50533654 -0.7534017  -0.42073848  0.00576384]
 [-0.67350912  0.0395448   0.73812037  0.03434756]
 [ 0.          0.          0.          1.        ]]   0.9188418388366699
[[-0.55474751  0.13540483  0.82092675  0.29548391]
 [-0.49448425  0.73985245 -0.45618382  0.13216082]
 [-0.66913417 -0.65900218 -0.34347575  0.05908928]
 [ 0.          0.          0.          1.        ]]   0.959267795085907
[[-0.86489014 -0.25636427 -0.43155811  0.31531179]
 [ 0.45492859 -0.03697939 -0.8897598  -0.02968761]
 [ 0.21214387 -0.9658726   0.14861055  0.01086896]
 [ 0.          0.          0.          1.        ]]   0.8257961273193359
[[-0.13468578  0.06750843 -0.98858604  0.40440281]
 [-0.42073931 -0.90716979 -0.00462681 -0.02507693]
 [-0.89712774  0.41531384  0.15058632  0.07776425]
 [ 0.          0.          0.          1.        ]]   0.9007266759872437
[[ 0.33739482  0.86755147 -0.36540278  0.39198901]
 [ 0.19115203 -0.44321571 -0.8757972   0.13062734]
 [-0.9217514   0.22564195 -0.31537291  0.07908787]
 [ 0.          0.          0.          1.        ]]   0.8376224040985107
[[-0.5130726   0.56444316 -0.64665325  0.40227353]
 [-0.4683948  -0.81542765 -0.34012359 -0.00101277]
 [-0.71927938  0.12838092  0.68275583  0.04041464]
 [ 0.          0.          0.          1.        ]]   0.8049060702323914
[[ 0.18687556  0.95981757  0.20935079  0.26747366]
 [-0.79722206  0.27269236 -0.53858691  0.05187705]
 [-0.57403354 -0.06625034  0.81614728  0.00135596]
 [ 0.          0.          0.          1.        ]]   0.8979930281639099
[[-0.15402937  0.77879068  0.60807896  0.17521605]
 [-0.2706414   0.55863238 -0.78401728  0.09780424]
 [-0.95027795 -0.28533303  0.12472721  0.02874633]
 [ 0.          0.          0.          1.        ]]   0.8813244104385376
[[-0.03413071  0.99479627  0.09599722  0.30423448]
 [-0.81835117  0.02732027 -0.57406878  0.04801943]
 [-0.57370415 -0.09815282  0.81316024  0.01180236]
 [ 0.          0.          0.          1.        ]]   0.9531776905059814
[[-0.42346793 -0.90190062  0.08514797  0.25687296]
 [ 0.23222602 -0.0172226   0.97250936 -0.11910612]
 [-0.87564033  0.4316001   0.21673801  0.04725656]
 [ 0.          0.          0.          1.        ]]   0.996471643447876
[[ 0.01808948 -0.99807843 -0.05926397  0.33137539]
 [ 0.73770016 -0.02668619  0.67460086 -0.10270255]
 [-0.6748861  -0.05592222  0.73579988 -0.01359261]
 [ 0.          0.          0.          1.        ]]   0.9296123385429382
[[-0.8279902  -0.47995497 -0.28995768  0.31103502]
 [ 0.38003096 -0.10007839 -0.91954379 -0.01640267]
 [ 0.41232112 -0.87156614  0.26526167  0.01741976]
 [ 0.          0.          0.          1.        ]]   0.9233649373054504
[[ 0.069302   -0.02439921 -0.9972973   0.39662529]
 [-0.41214026 -0.91109829 -0.00634923 -0.02207905]
 [-0.90848095  0.41146639 -0.07319683  0.07695496]
 [ 0.          0.          0.          1.        ]]   0.8407304883003235
[[ 0.01095938  0.80083993  0.59877817  0.18570504]
 [-0.37961316  0.55731664 -0.7384389   0.07852133]
 [-0.9250804  -0.21921125  0.31011722  0.01214435]
 [ 0.          0.          0.          1.        ]]   0.9507766366004944
[[-0.49059334 -0.86618148  0.09512002  0.29393845]
 [ 0.37103372 -0.10887508  0.92221483 -0.11940228]
 [-0.78844921  0.48772519  0.37479592  0.01190892]
 [ 0.          0.          0.          1.        ]]   0.9460927248001099
[[ 0.22523576  0.93510332  0.27358844  0.25136714]
 [-0.75098108  0.34552185 -0.56270957  0.05188788]
 [-0.62072237 -0.07871743  0.78006878 -0.00128122]
 [ 0.          0.          0.          1.        ]]   0.9474775195121765
[[-0.4817088   0.39503611  0.78224235  0.28392322]
 [-0.35903549  0.72531128 -0.58738153  0.14022596]
 [-0.79940612 -0.56379962 -0.20755684  0.05131286]
 [ 0.          0.          0.          1.        ]]   0.9903180599212646
[[ 0.41287119  0.79569899 -0.44317095  0.39334234]
 [ 0.10412725 -0.52462601 -0.84494087  0.13098025]
 [-0.9048176   0.30270557 -0.29945691  0.07579024]
 [ 0.          0.          0.          1.        ]]   0.9358053803443909
[[-0.44265739 -0.34150569 -0.82911296  0.3761918 ]
 [ 0.80808381  0.24884296 -0.53392672  0.06741339]
 [ 0.38865794 -0.90633936  0.16581304  0.03262671]
 [ 0.          0.          0.          1.        ]]   0.8811272382736206
[[ 0.14831878 -0.98745705  0.05413044  0.31883895]
 [-0.21595134 -0.0857542  -0.97263109  0.05411661]
 [ 0.96507334  0.13256992 -0.22596163  0.06023516]
 [ 0.          0.          0.          1.        ]]   0.8754665851593018
[[-0.12536888  0.88712375  0.444178    0.21167081]
 [-0.23685073  0.40800213 -0.88172331  0.1393395 ]
 [-0.96342326 -0.21574455  0.15896514  0.02610481]
 [ 0.          0.          0.          1.        ]]   0.8743866086006165
[[ 0.38177035  0.84476209 -0.37500455  0.38516788]
 [ 0.18488891 -0.46733627 -0.86453045  0.13816253]
 [-0.90557578  0.26071791 -0.33460228  0.08005406]
 [ 0.          0.          0.          1.        ]]   0.9208821058273315
[[-0.04343188 -0.99904294 -0.00518326  0.3275602 ]
 [ 0.69834466 -0.0340688   0.71495039 -0.10613838]
 [-0.71444273  0.02743194  0.69915598 -0.01204124]
 [ 0.          0.          0.          1.        ]]   0.9225728511810303
[[-0.55474751  0.13540483  0.82092675  0.29548391]
 [-0.49448425  0.73985245 -0.45618382  0.13216082]
 [-0.66913417 -0.65900218 -0.34347575  0.05908928]
 [ 0.          0.          0.          1.        ]]   0.959267795085907
[[-0.86489014 -0.25636427 -0.43155811  0.31531179]
 [ 0.45492859 -0.03697939 -0.8897598  -0.02968761]
 [ 0.21214387 -0.9658726   0.14861055  0.01086896]
 [ 0.          0.          0.          1.        ]]   0.8257961273193359
[[-0.13468578  0.06750843 -0.98858604  0.40440281]
 [-0.42073931 -0.90716979 -0.00462681 -0.02507693]
 [-0.89712774  0.41531384  0.15058632  0.07776425]
 [ 0.          0.          0.          1.        ]]   0.9007266759872437
[[ 0.33739482  0.86755147 -0.36540278  0.39198901]
 [ 0.19115203 -0.44321571 -0.8757972   0.13062734]
 [-0.9217514   0.22564195 -0.31537291  0.07908787]
 [ 0.          0.          0.          1.        ]]   0.8376224040985107
[[-0.5130726   0.56444316 -0.64665325  0.40227353]
 [-0.4683948  -0.81542765 -0.34012359 -0.00101277]
 [-0.71927938  0.12838092  0.68275583  0.04041464]
 [ 0.          0.          0.          1.        ]]   0.8049060702323914
[[-0.74045003 -0.52974392  0.41364857  0.34121845]
 [-0.60483451  0.79358034 -0.06637367  0.05978738]
 [-0.29310232 -0.29933532 -0.90801398  0.16124616]
 [ 0.          0.          0.          1.        ]]   0.8861078023910522
[[ 0.18687556  0.95981757  0.20935079  0.26747366]
 [-0.79722206  0.27269236 -0.53858691  0.05187705]
 [-0.57403354 -0.06625034  0.81614728  0.00135596]
 [ 0.          0.          0.          1.        ]]   0.8896920084953308
[[-0.15402937  0.77879068  0.60807896  0.17521605]
 [-0.2706414   0.55863238 -0.78401728  0.09780424]
 [-0.95027795 -0.28533303  0.12472721  0.02874633]
 [ 0.          0.          0.          1.        ]]   0.9595617651939392
[[-0.03413071  0.99479627  0.09599722  0.30423448]
 [-0.81835117  0.02732027 -0.57406878  0.04801943]
 [-0.57370415 -0.09815282  0.81316024  0.01180236]
 [ 0.          0.          0.          1.        ]]   0.9531776905059814
[[ 0.66441753 -0.55234087 -0.50345696  0.37695426]
 [ 0.74552672  0.53701068  0.39472705 -0.02492838]
 [ 0.05233788 -0.63760419  0.76858418  0.00203673]
 [ 0.          0.          0.          1.        ]]   0.860560953617096
[[ 0.32874873  0.88822829 -0.32089684  0.38903875]
 [ 0.24490518 -0.40833812 -0.87936422  0.13098338]
 [-0.91211059  0.21050057 -0.35177235  0.08426586]
 [ 0.          0.          0.          1.        ]]   0.9832773804664612
[[-0.42346793 -0.90190062  0.08514797  0.25687296]
 [ 0.23222602 -0.0172226   0.97250936 -0.11910612]
 [-0.87564033  0.4316001   0.21673801  0.04725656]
 [ 0.          0.          0.          1.        ]]   0.996471643447876
[[ 0.01808948 -0.99807843 -0.05926397  0.33137539]
 [ 0.73770016 -0.02668619  0.67460086 -0.10270255]
 [-0.6748861  -0.05592222  0.73579988 -0.01359261]
 [ 0.          0.          0.          1.        ]]   0.9296123385429382
[[-0.8279902  -0.47995497 -0.28995768  0.31103502]
 [ 0.38003096 -0.10007839 -0.91954379 -0.01640267]
 [ 0.41232112 -0.87156614  0.26526167  0.01741976]
 [ 0.          0.          0.          1.        ]]   0.8492380380630493
[[ 0.069302   -0.02439921 -0.9972973   0.39662529]
 [-0.41214026 -0.91109829 -0.00634923 -0.02207905]
 [-0.90848095  0.41146639 -0.07319683  0.07695496]
 [ 0.          0.          0.          1.        ]]   0.8726418018341064
[[ 0.40487667  0.81418113 -0.41615377  0.39044475]
 [ 0.13645285 -0.50382909 -0.85295771  0.13367167]
 [-0.90413246  0.28855731 -0.31508598  0.07679339]
 [ 0.          0.          0.          1.        ]]   0.8738470077514648
[[ 0.01095938  0.80083993  0.59877817  0.18570504]
 [-0.37961316  0.55731664 -0.7384389   0.07852133]
 [-0.9250804  -0.21921125  0.31011722  0.01214435]
 [ 0.          0.          0.          1.        ]]   0.9507766366004944
[[ 0.21623852 -0.96150704 -0.16954385  0.35274356]
 [ 0.80250968  0.07613462  0.59176156 -0.08370408]
 [-0.55607475 -0.26402222  0.78808194 -0.01258851]
 [ 0.          0.          0.          1.        ]]   0.8478342890739441
[[-0.4817088   0.39503611  0.78224235  0.28392322]
 [-0.35903549  0.72531128 -0.58738153  0.14022596]
 [-0.79940612 -0.56379962 -0.20755684  0.05131286]
 [ 0.          0.          0.          1.        ]]   0.9903180599212646
[[ 0.41287119  0.79569899 -0.44317095  0.39334234]
 [ 0.10412725 -0.52462601 -0.84494087  0.13098025]
 [-0.9048176   0.30270557 -0.29945691  0.07579024]
 [ 0.          0.          0.          1.        ]]   0.9358053803443909
[[-0.44265739 -0.34150569 -0.82911296  0.3761918 ]
 [ 0.80808381  0.24884296 -0.53392672  0.06741339]
 [ 0.38865794 -0.90633936  0.16581304  0.03262671]
 [ 0.          0.          0.          1.        ]]   0.8811272382736206
[[-0.12536888  0.88712375  0.444178    0.21167081]
 [-0.23685073  0.40800213 -0.88172331  0.1393395 ]
 [-0.96342326 -0.21574455  0.15896514  0.02610481]
 [ 0.          0.          0.          1.        ]]   0.8743866086006165
[[ 0.38177035  0.84476209 -0.37500455  0.38516788]
 [ 0.18488891 -0.46733627 -0.86453045  0.13816253]
 [-0.90557578  0.26071791 -0.33460228  0.08005406]
 [ 0.          0.          0.          1.        ]]   0.9208821058273315
[[ 0.75985252 -0.50085293 -0.41445203  0.34228803]
 [-0.49549566 -0.85889998  0.12951787 -0.02305114]
 [-0.42084224  0.10694471 -0.90080777  0.11019183]
 [ 0.          0.          0.          1.        ]]   0.9904477596282959
[[-0.04343188 -0.99904294 -0.00518326  0.3275602 ]
 [ 0.69834466 -0.0340688   0.71495039 -0.10613838]
 [-0.71444273  0.02743194  0.69915598 -0.01204124]
 [ 0.          0.          0.          1.        ]]   0.9225728511810303
[[-0.55474751  0.13540483  0.82092675  0.29548391]
 [-0.49448425  0.73985245 -0.45618382  0.13216082]
 [-0.66913417 -0.65900218 -0.34347575  0.05908928]
 [ 0.          0.          0.          1.        ]]   0.959267795085907
[[-0.76660115  0.33768164 -0.54616278  0.30313228]
 [ 0.34133575 -0.50613269 -0.79203511 -0.05984042]
 [-0.54388655 -0.79359991  0.27273908  0.00187576]
 [ 0.          0.          0.          1.        ]]   0.9503837823867798
[[-0.86489014 -0.25636427 -0.43155811  0.31531179]
 [ 0.45492859 -0.03697939 -0.8897598  -0.02968761]
 [ 0.21214387 -0.9658726   0.14861055  0.01086896]
 [ 0.          0.          0.          1.        ]]   0.8257961273193359
[[-0.13468578  0.06750843 -0.98858604  0.40440281]
 [-0.42073931 -0.90716979 -0.00462681 -0.02507693]
 [-0.89712774  0.41531384  0.15058632  0.07776425]
 [ 0.          0.          0.          1.        ]]   0.9007266759872437
[[ 0.33739482  0.86755147 -0.36540278  0.39198901]
 [ 0.19115203 -0.44321571 -0.8757972   0.13062734]
 [-0.9217514   0.22564195 -0.31537291  0.07908787]
 [ 0.          0.          0.          1.        ]]   0.8376224040985107
[[-0.74045003 -0.52974392  0.41364857  0.34121845]
 [-0.60483451  0.79358034 -0.06637367  0.05978738]
 [-0.29310232 -0.29933532 -0.90801398  0.16124616]
 [ 0.          0.          0.          1.        ]]   0.8861078023910522
[[ 0.18687556  0.95981757  0.20935079  0.26747366]
 [-0.79722206  0.27269236 -0.53858691  0.05187705]
 [-0.57403354 -0.06625034  0.81614728  0.00135596]
 [ 0.          0.          0.          1.        ]]   0.8896920084953308
[[-0.15402937  0.77879068  0.60807896  0.17521605]
 [-0.2706414   0.55863238 -0.78401728  0.09780424]
 [-0.95027795 -0.28533303  0.12472721  0.02874633]
 [ 0.          0.          0.          1.        ]]   0.9595617651939392
[[ 0.62660926 -0.7278469  -0.27856728  0.3911413 ]
 [-0.63871535 -0.27481079 -0.71869447  0.10229919]
 [ 0.44654624  0.6282658  -0.63708597  0.0879819 ]
 [ 0.          0.          0.          1.        ]]   0.9163987636566162
[[ 0.66441753 -0.55234087 -0.50345696  0.37695426]
 [ 0.74552672  0.53701068  0.39472705 -0.02492838]
 [ 0.05233788 -0.63760419  0.76858418  0.00203673]
 [ 0.          0.          0.          1.        ]]   0.860560953617096
[[ 0.32874873  0.88822829 -0.32089684  0.38903875]
 [ 0.24490518 -0.40833812 -0.87936422  0.13098338]
 [-0.91211059  0.21050057 -0.35177235  0.08426586]
 [ 0.          0.          0.          1.        ]]   0.9832773804664612
[[-0.42346793 -0.90190062  0.08514797  0.25687296]
 [ 0.23222602 -0.0172226   0.97250936 -0.11910612]
 [-0.87564033  0.4316001   0.21673801  0.04725656]
 [ 0.          0.          0.          1.        ]]   0.996471643447876
[[ 0.01808948 -0.99807843 -0.05926397  0.33137539]
 [ 0.73770016 -0.02668619  0.67460086 -0.10270255]
 [-0.6748861  -0.05592222  0.73579988 -0.01359261]
 [ 0.          0.          0.          1.        ]]   0.9296123385429382
[[-0.8279902  -0.47995497 -0.28995768  0.31103502]
 [ 0.38003096 -0.10007839 -0.91954379 -0.01640267]
 [ 0.41232112 -0.87156614  0.26526167  0.01741976]
 [ 0.          0.          0.          1.        ]]   0.8492380380630493
[[ 0.08804871  0.81922333  0.56667501  0.19466268]
 [-0.45152122  0.53990841 -0.71037138  0.07143892]
 [-0.88790541 -0.19331851  0.41743495  0.00724576]
 [ 0.          0.          0.          1.        ]]   0.977198600769043
[[ 0.069302   -0.02439921 -0.9972973   0.39662529]
 [-0.41214026 -0.91109829 -0.00634923 -0.02207905]
 [-0.90848095  0.41146639 -0.07319683  0.07695496]
 [ 0.          0.          0.          1.        ]]   0.8726418018341064
[[ 0.40487667  0.81418113 -0.41615377  0.39044475]
 [ 0.13645285 -0.50382909 -0.85295771  0.13367167]
 [-0.90413246  0.28855731 -0.31508598  0.07679339]
 [ 0.          0.          0.          1.        ]]   0.860765278339386
[[ 0.01095938  0.80083993  0.59877817  0.18570504]
 [-0.37961316  0.55731664 -0.7384389   0.07852133]
 [-0.9250804  -0.21921125  0.31011722  0.01214435]
 [ 0.          0.          0.          1.        ]]   0.9507766366004944
[[ 0.21623852 -0.96150704 -0.16954385  0.35274356]
 [ 0.80250968  0.07613462  0.59176156 -0.08370408]
 [-0.55607475 -0.26402222  0.78808194 -0.01258851]
 [ 0.          0.          0.          1.        ]]   0.8478342890739441
[[-0.4817088   0.39503611  0.78224235  0.28392322]
 [-0.35903549  0.72531128 -0.58738153  0.14022596]
 [-0.79940612 -0.56379962 -0.20755684  0.05131286]
 [ 0.          0.          0.          1.        ]]   0.9903180599212646
[[ 2.54706548e-01  8.72659815e-01  4.16640640e-01  2.23660281e-01]
 [-6.09984333e-01  4.79309400e-01 -6.31016333e-01  5.72390740e-02]
 [-7.50362371e-01 -9.34202709e-02  6.54392057e-01  8.97533218e-04]
 [ 0.00000000e+00  0.00000000e+00  0.00000000e+00  1.00000000e+00]]   0.9268775582313538
[[-0.17201558  0.79745196  0.57834334  0.18273017]
 [-0.2275799   0.53904249 -0.81095042  0.11454396]
 [-0.95844563 -0.27111543  0.08876033  0.03211962]
 [ 0.          0.          0.          1.        ]]   0.9236396551132202
[[ 0.41287119  0.79569899 -0.44317095  0.39334234]
 [ 0.10412725 -0.52462601 -0.84494087  0.13098025]
 [-0.9048176   0.30270557 -0.29945691  0.07579024]
 [ 0.          0.          0.          1.        ]]   0.9358053803443909
[[-0.44265739 -0.34150569 -0.82911296  0.3761918 ]
 [ 0.80808381  0.24884296 -0.53392672  0.06741339]
 [ 0.38865794 -0.90633936  0.16581304  0.03262671]
 [ 0.          0.          0.          1.        ]]   0.8811272382736206
[[-0.46192984 -0.87944143  0.11490688  0.25724045]
 [ 0.25701831 -0.00873532  0.96636705 -0.11933393]
 [-0.84885948  0.47592695  0.23006766  0.04281614]
 [ 0.          0.          0.          1.        ]]   0.8297423720359802
[[-0.12536888  0.88712375  0.444178    0.21167081]
 [-0.23685073  0.40800213 -0.88172331  0.1393395 ]
 [-0.96342326 -0.21574455  0.15896514  0.02610481]
 [ 0.          0.          0.          1.        ]]   0.8743866086006165
[[ 0.1527217   0.89304364 -0.42326012  0.29200353]
 [-0.54631906 -0.28060384 -0.78917487 -0.11647065]
 [-0.82353601  0.3517592   0.44503247  0.01564482]
 [ 0.          0.          0.          1.        ]]   0.8234607577323914
[[ 0.75985252 -0.50085293 -0.41445203  0.34228803]
 [-0.49549566 -0.85889998  0.12951787 -0.02305114]
 [-0.42084224  0.10694471 -0.90080777  0.11019183]
 [ 0.          0.          0.          1.        ]]   0.9904477596282959
[[-0.04343188 -0.99904294 -0.00518326  0.3275602 ]
 [ 0.69834466 -0.0340688   0.71495039 -0.10613838]
 [-0.71444273  0.02743194  0.69915598 -0.01204124]
 [ 0.          0.          0.          1.        ]]   0.9535757899284363
[[-0.55474751  0.13540483  0.82092675  0.29548391]
 [-0.49448425  0.73985245 -0.45618382  0.13216082]
 [-0.66913417 -0.65900218 -0.34347575  0.05908928]
 [ 0.          0.          0.          1.        ]]   0.959267795085907
[[-0.76660115  0.33768164 -0.54616278  0.30313228]
 [ 0.34133575 -0.50613269 -0.79203511 -0.05984042]
 [-0.54388655 -0.79359991  0.27273908  0.00187576]
 [ 0.          0.          0.          1.        ]]   0.9503837823867798
[[-0.86489014 -0.25636427 -0.43155811  0.31531179]
 [ 0.45492859 -0.03697939 -0.8897598  -0.02968761]
 [ 0.21214387 -0.9658726   0.14861055  0.01086896]
 [ 0.          0.          0.          1.        ]]   0.8257961273193359
[[-0.13468578  0.06750843 -0.98858604  0.40440281]
 [-0.42073931 -0.90716979 -0.00462681 -0.02507693]
 [-0.89712774  0.41531384  0.15058632  0.07776425]
 [ 0.          0.          0.          1.        ]]   0.8722531199455261
[[ 0.33739482  0.86755147 -0.36540278  0.39198901]
 [ 0.19115203 -0.44321571 -0.8757972   0.13062734]
 [-0.9217514   0.22564195 -0.31537291  0.07908787]
 [ 0.          0.          0.          1.        ]]   0.8376224040985107
[[-0.74045003 -0.52974392  0.41364857  0.34121845]
 [-0.60483451  0.79358034 -0.06637367  0.05978738]
 [-0.29310232 -0.29933532 -0.90801398  0.16124616]
 [ 0.          0.          0.          1.        ]]   0.8861078023910522
[[-0.15402937  0.77879068  0.60807896  0.17521605]
 [-0.2706414   0.55863238 -0.78401728  0.09780424]
 [-0.95027795 -0.28533303  0.12472721  0.02874633]
 [ 0.          0.          0.          1.        ]]   0.9595617651939392
[[ 0.62660926 -0.7278469  -0.27856728  0.3911413 ]
 [-0.63871535 -0.27481079 -0.71869447  0.10229919]
 [ 0.44654624  0.6282658  -0.63708597  0.0879819 ]
 [ 0.          0.          0.          1.        ]]   0.9163987636566162
[[ 0.66441753 -0.55234087 -0.50345696  0.37695426]
 [ 0.74552672  0.53701068  0.39472705 -0.02492838]
 [ 0.05233788 -0.63760419  0.76858418  0.00203673]
 [ 0.          0.          0.          1.        ]]   0.860560953617096
[[-0.51738558 -0.6147778   0.5952818   0.33064055]
 [-0.81269006  0.57087575 -0.11677224  0.08897146]
 [-0.26804296 -0.54419587 -0.79498668  0.09028371]
 [ 0.          0.          0.          1.        ]]   0.8703824877738953
[[-0.42346793 -0.90190062  0.08514797  0.25687296]
 [ 0.23222602 -0.0172226   0.97250936 -0.11910612]
 [-0.87564033  0.4316001   0.21673801  0.04725656]
 [ 0.          0.          0.          1.        ]]   0.996471643447876
[[ 0.01808948 -0.99807843 -0.05926397  0.33137539]
 [ 0.73770016 -0.02668619  0.67460086 -0.10270255]
 [-0.6748861  -0.05592222  0.73579988 -0.01359261]
 [ 0.          0.          0.          1.        ]]   0.9296123385429382
[[ 0.08804871  0.81922333  0.56667501  0.19466268]
 [-0.45152122  0.53990841 -0.71037138  0.07143892]
 [-0.88790541 -0.19331851  0.41743495  0.00724576]
 [ 0.          0.          0.          1.        ]]   0.977198600769043
[[ 0.069302   -0.02439921 -0.9972973   0.39662529]
 [-0.41214026 -0.91109829 -0.00634923 -0.02207905]
 [-0.90848095  0.41146639 -0.07319683  0.07695496]
 [ 0.          0.          0.          1.        ]]   0.8726418018341064
[[ 0.40487667  0.81418113 -0.41615377  0.39044475]
 [ 0.13645285 -0.50382909 -0.85295771  0.13367167]
 [-0.90413246  0.28855731 -0.31508598  0.07679339]
 [ 0.          0.          0.          1.        ]]   0.860765278339386
[[ 0.01095938  0.80083993  0.59877817  0.18570504]
 [-0.37961316  0.55731664 -0.7384389   0.07852133]
 [-0.9250804  -0.21921125  0.31011722  0.01214435]
 [ 0.          0.          0.          1.        ]]   0.9507766366004944
[[ 0.21623852 -0.96150704 -0.16954385  0.35274356]
 [ 0.80250968  0.07613462  0.59176156 -0.08370408]
 [-0.55607475 -0.26402222  0.78808194 -0.01258851]
 [ 0.          0.          0.          1.        ]]   0.8478342890739441
[[ 0.06207141  0.99099733  0.11862304  0.2911718 ]
 [-0.82360002  0.11799182 -0.55476205  0.04970564]
 [-0.56376426 -0.06326307  0.82350935  0.00762371]
 [ 0.          0.          0.          1.        ]]   0.9750951528549194
[[-0.4817088   0.39503611  0.78224235  0.28392322]
 [-0.35903549  0.72531128 -0.58738153  0.14022596]
 [-0.79940612 -0.56379962 -0.20755684  0.05131286]
 [ 0.          0.          0.          1.        ]]   0.9903180599212646
[[ 2.54706548e-01  8.72659815e-01  4.16640640e-01  2.23660281e-01]
 [-6.09984333e-01  4.79309400e-01 -6.31016333e-01  5.72390740e-02]
 [-7.50362371e-01 -9.34202709e-02  6.54392057e-01  8.97533218e-04]
 [ 0.00000000e+00  0.00000000e+00  0.00000000e+00  1.00000000e+00]]   0.9268775582313538
[[-0.17201558  0.79745196  0.57834334  0.18273017]
 [-0.2275799   0.53904249 -0.81095042  0.11454396]
 [-0.95844563 -0.27111543  0.08876033  0.03211962]
 [ 0.          0.          0.          1.        ]]   0.9236396551132202
[[ 0.41287119  0.79569899 -0.44317095  0.39334234]
 [ 0.10412725 -0.52462601 -0.84494087  0.13098025]
 [-0.9048176   0.30270557 -0.29945691  0.07579024]
 [ 0.          0.          0.          1.        ]]   0.9358053803443909
[[ 0.51065547 -0.78623953 -0.34793447  0.37092041]
 [ 0.8087515   0.3019105   0.50474852 -0.05688198]
 [-0.29180817 -0.53914511  0.79004464 -0.00595802]
 [ 0.          0.          0.          1.        ]]   0.9949958324432373
[[-0.44265739 -0.34150569 -0.82911296  0.3761918 ]
 [ 0.80808381  0.24884296 -0.53392672  0.06741339]
 [ 0.38865794 -0.90633936  0.16581304  0.03262671]
 [ 0.          0.          0.          1.        ]]   0.8811272382736206
[[-0.46192984 -0.87944143  0.11490688  0.25724045]
 [ 0.25701831 -0.00873532  0.96636705 -0.11933393]
 [-0.84885948  0.47592695  0.23006766  0.04281614]
 [ 0.          0.          0.          1.        ]]   0.8297423720359802
[[-0.12536888  0.88712375  0.444178    0.21167081]
 [-0.23685073  0.40800213 -0.88172331  0.1393395 ]
 [-0.96342326 -0.21574455  0.15896514  0.02610481]
 [ 0.          0.          0.          1.        ]]   0.8743866086006165
[[ 0.38177035  0.84476209 -0.37500455  0.38516788]
 [ 0.18488891 -0.46733627 -0.86453045  0.13816253]
 [-0.90557578  0.26071791 -0.33460228  0.08005406]
 [ 0.          0.          0.          1.        ]]   0.9142181277275085
[[ 0.75985252 -0.50085293 -0.41445203  0.34228803]
 [-0.49549566 -0.85889998  0.12951787 -0.02305114]
 [-0.42084224  0.10694471 -0.90080777  0.11019183]
 [ 0.          0.          0.          1.        ]]   0.8394864797592163
[[-0.04343188 -0.99904294 -0.00518326  0.3275602 ]
 [ 0.69834466 -0.0340688   0.71495039 -0.10613838]
 [-0.71444273  0.02743194  0.69915598 -0.01204124]
 [ 0.          0.          0.          1.        ]]   0.9535757899284363
[[ 0.13996947 -0.99015502 -0.00125458  0.32169867]
 [-0.22531202 -0.0306165  -0.97380549  0.05704075]
 [ 0.96417998  0.13658571 -0.2273792   0.06153888]
 [ 0.          0.          0.          1.        ]]   0.8917938470840454
[[-0.55474751  0.13540483  0.82092675  0.29548391]
 [-0.49448425  0.73985245 -0.45618382  0.13216082]
 [-0.66913417 -0.65900218 -0.34347575  0.05908928]
 [ 0.          0.          0.          1.        ]]   0.959267795085907
[[-0.76660115  0.33768164 -0.54616278  0.30313228]
 [ 0.34133575 -0.50613269 -0.79203511 -0.05984042]
 [-0.54388655 -0.79359991  0.27273908  0.00187576]
 [ 0.          0.          0.          1.        ]]   0.9503837823867798
[[-0.13307209  0.82124019  0.55484807  0.18938591]
 [-0.25792351  0.51184276 -0.81944643  0.11902333]
 [-0.9569573  -0.25215381  0.14370517  0.02676006]
 [ 0.          0.          0.          1.        ]]   0.9369410276412964
[[-0.86489014 -0.25636427 -0.43155811  0.31531179]
 [ 0.45492859 -0.03697939 -0.8897598  -0.02968761]
 [ 0.21214387 -0.9658726   0.14861055  0.01086896]
 [ 0.          0.          0.          1.        ]]   0.8257961273193359
[[-0.13468578  0.06750843 -0.98858604  0.40440281]
 [-0.42073931 -0.90716979 -0.00462681 -0.02507693]
 [-0.89712774  0.41531384  0.15058632  0.07776425]
 [ 0.          0.          0.          1.        ]]   0.8722531199455261
[[-0.4593656  -0.88176814  0.10708961  0.25727874]
 [ 0.24341251 -0.00901729  0.96988094 -0.11926598]
 [-0.85424446  0.47159689  0.21877563  0.04484975]
 [ 0.          0.          0.          1.        ]]   0.9978773593902588
[[-0.74045003 -0.52974392  0.41364857  0.34121845]
 [-0.60483451  0.79358034 -0.06637367  0.05978738]
 [-0.29310232 -0.29933532 -0.90801398  0.16124616]
 [ 0.          0.          0.          1.        ]]   0.8861078023910522
[[-0.15402937  0.77879068  0.60807896  0.17521605]
 [-0.2706414   0.55863238 -0.78401728  0.09780424]
 [-0.95027795 -0.28533303  0.12472721  0.02874633]
 [ 0.          0.          0.          1.        ]]   0.9595617651939392
[[ 0.62660926 -0.7278469  -0.27856728  0.3911413 ]
 [-0.63871535 -0.27481079 -0.71869447  0.10229919]
 [ 0.44654624  0.6282658  -0.63708597  0.0879819 ]
 [ 0.          0.          0.          1.        ]]   0.9163987636566162
[[ 0.66441753 -0.55234087 -0.50345696  0.37695426]
 [ 0.74552672  0.53701068  0.39472705 -0.02492838]
 [ 0.05233788 -0.63760419  0.76858418  0.00203673]
 [ 0.          0.          0.          1.        ]]   0.860560953617096
[[-0.51738558 -0.6147778   0.5952818   0.33064055]
 [-0.81269006  0.57087575 -0.11677224  0.08897146]
 [-0.26804296 -0.54419587 -0.79498668  0.09028371]
 [ 0.          0.          0.          1.        ]]   0.8703824877738953
[[-0.42346793 -0.90190062  0.08514797  0.25687296]
 [ 0.23222602 -0.0172226   0.97250936 -0.11910612]
 [-0.87564033  0.4316001   0.21673801  0.04725656]
 [ 0.          0.          0.          1.        ]]   0.8853582143783569
[[ 0.01808948 -0.99807843 -0.05926397  0.33137539]
 [ 0.73770016 -0.02668619  0.67460086 -0.10270255]
 [-0.6748861  -0.05592222  0.73579988 -0.01359261]
 [ 0.          0.          0.          1.        ]]   0.9296123385429382
[[-0.8279902  -0.47995497 -0.28995768  0.31103502]
 [ 0.38003096 -0.10007839 -0.91954379 -0.01640267]
 [ 0.41232112 -0.87156614  0.26526167  0.01741976]
 [ 0.          0.          0.          1.        ]]   0.8822391033172607
[[ 0.08804871  0.81922333  0.56667501  0.19466268]
 [-0.45152122  0.53990841 -0.71037138  0.07143892]
 [-0.88790541 -0.19331851  0.41743495  0.00724576]
 [ 0.          0.          0.          1.        ]]   0.977198600769043
[[ 0.069302   -0.02439921 -0.9972973   0.39662529]
 [-0.41214026 -0.91109829 -0.00634923 -0.02207905]
 [-0.90848095  0.41146639 -0.07319683  0.07695496]
 [ 0.          0.          0.          1.        ]]   0.8726418018341064
[[ 0.67404837 -0.69576225 -0.24814044  0.38555952]
 [-0.60893419 -0.33320076 -0.71984471  0.10653025]
 [ 0.41816019  0.63631136 -0.64826685  0.09130596]
 [ 0.          0.          0.          1.        ]]   0.8308172225952148
[[ 0.01095938  0.80083993  0.59877817  0.18570504]
 [-0.37961316  0.55731664 -0.7384389   0.07852133]
 [-0.9250804  -0.21921125  0.31011722  0.01214435]
 [ 0.          0.          0.          1.        ]]   0.9507766366004944
[[ 0.06207141  0.99099733  0.11862304  0.2911718 ]
 [-0.82360002  0.11799182 -0.55476205  0.04970564]
 [-0.56376426 -0.06326307  0.82350935  0.00762371]
 [ 0.          0.          0.          1.        ]]   0.9750951528549194
[[-0.4817088   0.39503611  0.78224235  0.28392322]
 [-0.35903549  0.72531128 -0.58738153  0.14022596]
 [-0.79940612 -0.56379962 -0.20755684  0.05131286]
 [ 0.          0.          0.          1.        ]]   0.9903180599212646
[[-0.17201558  0.79745196  0.57834334  0.18273017]
 [-0.2275799   0.53904249 -0.81095042  0.11454396]
 [-0.95844563 -0.27111543  0.08876033  0.03211962]
 [ 0.          0.          0.          1.        ]]   0.9236396551132202
[[ 0.41287119  0.79569899 -0.44317095  0.39334234]
 [ 0.10412725 -0.52462601 -0.84494087  0.13098025]
 [-0.9048176   0.30270557 -0.29945691  0.07579024]
 [ 0.          0.          0.          1.        ]]   0.9358053803443909
[[ 0.51065547 -0.78623953 -0.34793447  0.37092041]
 [ 0.8087515   0.3019105   0.50474852 -0.05688198]
 [-0.29180817 -0.53914511  0.79004464 -0.00595802]
 [ 0.          0.          0.          1.        ]]   0.9949958324432373
[[-0.44265739 -0.34150569 -0.82911296  0.3761918 ]
 [ 0.80808381  0.24884296 -0.53392672  0.06741339]
 [ 0.38865794 -0.90633936  0.16581304  0.03262671]
 [ 0.          0.          0.          1.        ]]   0.8811272382736206
[[-0.46192984 -0.87944143  0.11490688  0.25724045]
 [ 0.25701831 -0.00873532  0.96636705 -0.11933393]
 [-0.84885948  0.47592695  0.23006766  0.04281614]
 [ 0.          0.          0.          1.        ]]   0.8825697898864746
[[ 0.35233582 -0.93406724 -0.05811942  0.3410482 ]
 [-0.48938836 -0.13095395 -0.86217753  0.07416212]
 [ 0.79772082  0.332219   -0.5032614   0.07748863]
 [ 0.          0.          0.          1.        ]]   0.8556802868843079
[[-0.12536888  0.88712375  0.444178    0.21167081]
 [-0.23685073  0.40800213 -0.88172331  0.1393395 ]
 [-0.96342326 -0.21574455  0.15896514  0.02610481]
 [ 0.          0.          0.          1.        ]]   0.8743866086006165
[[ 0.38177035  0.84476209 -0.37500455  0.38516788]
 [ 0.18488891 -0.46733627 -0.86453045  0.13816253]
