[[-0.7266325   0.13366738  0.6738978   0.2218507 ]
 [-0.53600558  0.50330201 -0.67777954 -0.20828178]
 [-0.42977113 -0.85370962 -0.29406914  0.06769778]
 [ 0.          0.          0.          1.        ]]   0.8352100849151611
[[-0.66893273  0.12154499  0.73331836  0.22150494]
 [-0.55931904  0.56747122 -0.60426701 -0.20666513]
 [-0.48958269 -0.81437291 -0.31161764  0.05715724]
 [ 0.          0.          0.          1.        ]]   0.8609632849693298
[[-0.38616929  0.58873719  0.71011394  0.18932057]
 [-0.57830556  0.44522908 -0.68361813  0.18879581]
 [-0.71863479 -0.67465516  0.16853619  0.04762955]
 [ 0.          0.          0.          1.        ]]   0.8278942704200745
[[-0.10745605  0.11431092  0.98761643  0.26819426]
 [-0.38146531  0.91259858 -0.14713277 -0.12738559]
 [-0.91811623 -0.39255171 -0.05445858 -0.0172364 ]
 [ 0.          0.          0.          1.        ]]   0.8076514005661011
[[-0.31802556  0.62231617  0.71524983  0.21134924]
 [-0.56847445  0.47858999 -0.66916995  0.18542872]
 [-0.7587467  -0.6194144   0.20156699  0.04740479]
 [ 0.          0.          0.          1.        ]]   0.8436028361320496
[[-0.52421244  0.11150263  0.84425617  0.22197611]
 [-0.58287473  0.67579754 -0.4511704  -0.1985214 ]
 [-0.62085293 -0.72860472 -0.28926941  0.03554511]
 [ 0.          0.          0.          1.        ]]   0.9295163154602051
[[-0.75149959  0.18656157  0.63280577  0.22178626]
 [-0.52287919  0.41647473 -0.74373796 -0.20871308]
 [-0.40230054 -0.88979974 -0.21543143  0.07353522]
 [ 0.          0.          0.          1.        ]]   0.8801904916763306
[[-0.66893273  0.12154499  0.73331836  0.22150494]
 [-0.55931904  0.56747122 -0.60426701 -0.20666513]
 [-0.48958269 -0.81437291 -0.31161764  0.05715724]
 [ 0.          0.          0.          1.        ]]   0.8609632849693298
[[-0.38616929  0.58873719  0.71011394  0.18932057]
 [-0.57830556  0.44522908 -0.68361813  0.18879581]
 [-0.71863479 -0.67465516  0.16853619  0.04762955]
 [ 0.          0.          0.          1.        ]]   0.8278942704200745
[[-4.33784910e-02  1.19690115e-01  9.91863188e-01  2.73679617e-01]
 [-3.35922334e-01  9.33246401e-01 -1.27308055e-01 -1.19254178e-01]
 [-9.40890266e-01 -3.38711429e-01 -2.76237678e-04 -2.13008924e-02]
 [ 0.00000000e+00  0.00000000e+00  0.00000000e+00  1.00000000e+00]]   0.9178580045700073
[[-0.31802556  0.62231617  0.71524983  0.21134924]
 [-0.56847445  0.47858999 -0.66916995  0.18542872]
 [-0.7587467  -0.6194144   0.20156699  0.04740479]
 [ 0.          0.          0.          1.        ]]   0.8436028361320496
[[-0.52421244  0.11150263  0.84425617  0.22197611]
 [-0.58287473  0.67579754 -0.4511704  -0.1985214 ]
 [-0.62085293 -0.72860472 -0.28926941  0.03554511]
 [ 0.          0.          0.          1.        ]]   0.9295163154602051
[[-0.75149959  0.18656157  0.63280577  0.22178626]
 [-0.52287919  0.41647473 -0.74373796 -0.20871308]
 [-0.40230054 -0.88979974 -0.21543143  0.07353522]
 [ 0.          0.          0.          1.        ]]   0.8801904916763306
[[-0.66893273  0.12154499  0.73331836  0.22150494]
 [-0.55931904  0.56747122 -0.60426701 -0.20666513]
 [-0.48958269 -0.81437291 -0.31161764  0.05715724]
 [ 0.          0.          0.          1.        ]]   0.8609632849693298
[[-0.4866769   0.52283561  0.69984893  0.14633066]
 [-0.58763239  0.39685553 -0.70511975  0.19197562]
 [-0.64640063 -0.75441939  0.11409472  0.04748545]
 [ 0.          0.          0.          1.        ]]   0.8181132674217224
[[-0.38616929  0.58873719  0.71011394  0.18932057]
 [-0.57830556  0.44522908 -0.68361813  0.18879581]
 [-0.71863479 -0.67465516  0.16853619  0.04762955]
 [ 0.          0.          0.          1.        ]]   0.9391970038414001
[[-0.31802556  0.62231617  0.71524983  0.21134924]
 [-0.56847445  0.47858999 -0.66916995  0.18542872]
 [-0.7587467  -0.6194144   0.20156699  0.04740479]
 [ 0.          0.          0.          1.        ]]   0.8436028361320496
[[-0.35208762  0.10940761  0.92955058  0.23794545]
 [-0.5440681   0.78419454 -0.29837698 -0.1701547 ]
 [-0.7615932  -0.61079366 -0.21657999  0.01024246]
 [ 0.          0.          0.          1.        ]]   0.9214859008789062
[[-0.52421244  0.11150263  0.84425617  0.22197611]
 [-0.58287473  0.67579754 -0.4511704  -0.1985214 ]
 [-0.62085293 -0.72860472 -0.28926941  0.03554511]
 [ 0.          0.          0.          1.        ]]   0.9295163154602051
[[-0.75149959  0.18656157  0.63280577  0.22178626]
 [-0.52287919  0.41647473 -0.74373796 -0.20871308]
 [-0.40230054 -0.88979974 -0.21543143  0.07353522]
 [ 0.          0.          0.          1.        ]]   0.8801904916763306
[[-0.66893273  0.12154499  0.73331836  0.22150494]
 [-0.55931904  0.56747122 -0.60426701 -0.20666513]
 [-0.48958269 -0.81437291 -0.31161764  0.05715724]
 [ 0.          0.          0.          1.        ]]   0.8609632849693298
[[-0.4866769   0.52283561  0.69984893  0.14633066]
 [-0.58763239  0.39685553 -0.70511975  0.19197562]
 [-0.64640063 -0.75441939  0.11409472  0.04748545]
 [ 0.          0.          0.          1.        ]]   0.8181132674217224
[[-0.38616929  0.58873719  0.71011394  0.18932057]
 [-0.57830556  0.44522908 -0.68361813  0.18879581]
 [-0.71863479 -0.67465516  0.16853619  0.04762955]
 [ 0.          0.          0.          1.        ]]   0.9391970038414001
[[-0.35208762  0.10940761  0.92955058  0.23794545]
 [-0.5440681   0.78419454 -0.29837698 -0.1701547 ]
 [-0.7615932  -0.61079366 -0.21657999  0.01024246]
 [ 0.          0.          0.          1.        ]]   0.9214859008789062
[[-0.66893273  0.12154499  0.73331836  0.22150494]
 [-0.55931904  0.56747122 -0.60426701 -0.20666513]
 [-0.48958269 -0.81437291 -0.31161764  0.05715724]
 [ 0.          0.          0.          1.        ]]   0.8609632849693298
[[-0.66314035  0.12040003  0.73874807  0.22170581]
 [-0.56070584  0.57391032 -0.59685501 -0.20640912]
 [-0.4958365  -0.810019   -0.31307409  0.0563425 ]
 [ 0.          0.          0.          1.        ]]   0.8940728306770325
[[-0.38616929  0.58873719  0.71011394  0.18932057]
 [-0.57830556  0.44522908 -0.68361813  0.18879581]
 [-0.71863479 -0.67465516  0.16853619  0.04762955]
 [ 0.          0.          0.          1.        ]]   0.9391970038414001
[[-0.23186781  0.10609606  0.96694413  0.25294057]
 [-0.48295674  0.85030951 -0.20910889 -0.14925387]
 [-0.84438742 -0.5154778  -0.1459196  -0.00457008]
 [ 0.          0.          0.          1.        ]]   0.8123169541358948
[[-0.38830232  0.10153196  0.91592171  0.23220309]
 [-0.56127812  0.7622301  -0.32244712 -0.17784312]
 [-0.73088178 -0.63929378 -0.23898804  0.01636627]
 [ 0.          0.          0.          1.        ]]   0.8511303663253784
[[-0.66893273  0.12154499  0.73331836  0.22150494]
 [-0.55931904  0.56747122 -0.60426701 -0.20666513]
 [-0.48958269 -0.81437291 -0.31161764  0.05715724]
 [ 0.          0.          0.          1.        ]]   0.8609632849693298
[[-0.66314035  0.12040003  0.73874807  0.22170581]
 [-0.56070584  0.57391032 -0.59685501 -0.20640912]
 [-0.4958365  -0.810019   -0.31307409  0.0563425 ]
 [ 0.          0.          0.          1.        ]]   0.8940728306770325
[[-0.38616929  0.58873719  0.71011394  0.18932057]
 [-0.57830556  0.44522908 -0.68361813  0.18879581]
 [-0.71863479 -0.67465516  0.16853619  0.04762955]
 [ 0.          0.          0.          1.        ]]   0.9391970038414001
[[-0.23186781  0.10609606  0.96694413  0.25294057]
 [-0.48295674  0.85030951 -0.20910889 -0.14925387]
 [-0.84438742 -0.5154778  -0.1459196  -0.00457008]
 [ 0.          0.          0.          1.        ]]   0.8123169541358948
[[-0.83642067  0.10122175  0.53866003  0.17513617]
 [-0.52190926  0.15301632 -0.83916431 -0.21701758]
 [-0.16736545 -0.98302602 -0.07515745  0.1219415 ]
 [ 0.          0.          0.          1.        ]]   0.8161413073539734
[[-0.38830232  0.10153196  0.91592171  0.23220309]
 [-0.56127812  0.7622301  -0.32244712 -0.17784312]
 [-0.73088178 -0.63929378 -0.23898804  0.01636627]
 [ 0.          0.          0.          1.        ]]   0.8511303663253784
[[-0.66893273  0.12154499  0.73331836  0.22150494]
 [-0.55931904  0.56747122 -0.60426701 -0.20666513]
 [-0.48958269 -0.81437291 -0.31161764  0.05715724]
 [ 0.          0.          0.          1.        ]]   0.8609632849693298
[[-0.4866769   0.52283561  0.69984893  0.14633066]
 [-0.58763239  0.39685553 -0.70511975  0.19197562]
 [-0.64640063 -0.75441939  0.11409472  0.04748545]
 [ 0.          0.          0.          1.        ]]   0.8417733311653137
[[-0.66314035  0.12040003  0.73874807  0.22170581]
 [-0.56070584  0.57391032 -0.59685501 -0.20640912]
 [-0.4958365  -0.810019   -0.31307409  0.0563425 ]
 [ 0.          0.          0.          1.        ]]   0.8940728306770325
[[-0.38616929  0.58873719  0.71011394  0.18932057]
 [-0.57830556  0.44522908 -0.68361813  0.18879581]
 [-0.71863479 -0.67465516  0.16853619  0.04762955]
 [ 0.          0.          0.          1.        ]]   0.9391970038414001
[[-0.23186781  0.10609606  0.96694413  0.25294057]
 [-0.48295674  0.85030951 -0.20910889 -0.14925387]
 [-0.84438742 -0.5154778  -0.1459196  -0.00457008]
 [ 0.          0.          0.          1.        ]]   0.8123169541358948
[[-0.83642067  0.10122175  0.53866003  0.17513617]
 [-0.52190926  0.15301632 -0.83916431 -0.21701758]
 [-0.16736545 -0.98302602 -0.07515745  0.1219415 ]
 [ 0.          0.          0.          1.        ]]   0.8161413073539734
[[-0.44997976  0.10031549  0.88738663  0.22279448]
 [-0.58264885  0.72007084 -0.37685315 -0.19078391]
 [-0.67678544 -0.68661109 -0.2655686   0.02558017]
 [ 0.          0.          0.          1.        ]]   0.8078094720840454
[[-0.38830232  0.10153196  0.91592171  0.23220309]
 [-0.56127812  0.7622301  -0.32244712 -0.17784312]
 [-0.73088178 -0.63929378 -0.23898804  0.01636627]
 [ 0.          0.          0.          1.        ]]   0.8511303663253784
[[ 0.19036119 -0.08670849  0.97787742  0.30649719]
 [-0.09712835  0.98954119  0.10665047 -0.09178617]
 [-0.97689749 -0.11528173  0.17994839 -0.02188161]
 [ 0.          0.          0.          1.        ]]   0.8949459791183472
[[-0.66893273  0.12154499  0.73331836  0.22150494]
 [-0.55931904  0.56747122 -0.60426701 -0.20666513]
 [-0.48958269 -0.81437291 -0.31161764  0.05715724]
 [ 0.          0.          0.          1.        ]]   0.8609632849693298
[[-0.4866769   0.52283561  0.69984893  0.14633066]
 [-0.58763239  0.39685553 -0.70511975  0.19197562]
 [-0.64640063 -0.75441939  0.11409472  0.04748545]
 [ 0.          0.          0.          1.        ]]   0.8417733311653137
[[-0.66314035  0.12040003  0.73874807  0.22170581]
 [-0.56070584  0.57391032 -0.59685501 -0.20640912]
 [-0.4958365  -0.810019   -0.31307409  0.0563425 ]
 [ 0.          0.          0.          1.        ]]   0.8940728306770325
[[-0.83642067  0.10122175  0.53866003  0.17513617]
 [-0.52190926  0.15301632 -0.83916431 -0.21701758]
 [-0.16736545 -0.98302602 -0.07515745  0.1219415 ]
 [ 0.          0.          0.          1.        ]]   0.8161413073539734
[[-0.44997976  0.10031549  0.88738663  0.22279448]
 [-0.58264885  0.72007084 -0.37685315 -0.19078391]
 [-0.67678544 -0.68661109 -0.2655686   0.02558017]
 [ 0.          0.          0.          1.        ]]   0.8078094720840454
[[-0.38830232  0.10153196  0.91592171  0.23220309]
 [-0.56127812  0.7622301  -0.32244712 -0.17784312]
 [-0.73088178 -0.63929378 -0.23898804  0.01636627]
 [ 0.          0.          0.          1.        ]]   0.8511303663253784
[[ 0.19036119 -0.08670849  0.97787742  0.30649719]
 [-0.09712835  0.98954119  0.10665047 -0.09178617]
 [-0.97689749 -0.11528173  0.17994839 -0.02188161]
 [ 0.          0.          0.          1.        ]]   0.8949459791183472
[[-0.66893273  0.12154499  0.73331836  0.22150494]
 [-0.55931904  0.56747122 -0.60426701 -0.20666513]
 [-0.48958269 -0.81437291 -0.31161764  0.05715724]
 [ 0.          0.          0.          1.        ]]   0.8609632849693298
[[-0.4866769   0.52283561  0.69984893  0.14633066]
 [-0.58763239  0.39685553 -0.70511975  0.19197562]
 [-0.64640063 -0.75441939  0.11409472  0.04748545]
 [ 0.          0.          0.          1.        ]]   0.8417733311653137
[[-0.66314035  0.12040003  0.73874807  0.22170581]
 [-0.56070584  0.57391032 -0.59685501 -0.20640912]
 [-0.4958365  -0.810019   -0.31307409  0.0563425 ]
 [ 0.          0.          0.          1.        ]]   0.8940728306770325
[[-0.83642067  0.10122175  0.53866003  0.17513617]
 [-0.52190926  0.15301632 -0.83916431 -0.21701758]
 [-0.16736545 -0.98302602 -0.07515745  0.1219415 ]
 [ 0.          0.          0.          1.        ]]   0.8161413073539734
[[-0.30149941  0.63754837  0.70896416  0.21792932]
 [-0.5605877   0.48293814 -0.67269026  0.18496172]
 [-0.77125841 -0.6002523   0.21179621  0.04708846]
 [ 0.          0.          0.          1.        ]]   0.8332805633544922
[[-0.44997976  0.10031549  0.88738663  0.22279448]
 [-0.58264885  0.72007084 -0.37685315 -0.19078391]
 [-0.67678544 -0.68661109 -0.2655686   0.02558017]
 [ 0.          0.          0.          1.        ]]   0.8437677025794983
[[ 0.19036119 -0.08670849  0.97787742  0.30649719]
 [-0.09712835  0.98954119  0.10665047 -0.09178617]
 [-0.97689749 -0.11528173  0.17994839 -0.02188161]
 [ 0.          0.          0.          1.        ]]   0.8949459791183472
[[-0.66893273  0.12154499  0.73331836  0.22150494]
 [-0.55931904  0.56747122 -0.60426701 -0.20666513]
 [-0.48958269 -0.81437291 -0.31161764  0.05715724]
 [ 0.          0.          0.          1.        ]]   0.8609632849693298
[[-0.4866769   0.52283561  0.69984893  0.14633066]
 [-0.58763239  0.39685553 -0.70511975  0.19197562]
 [-0.64640063 -0.75441939  0.11409472  0.04748545]
 [ 0.          0.          0.          1.        ]]   0.8417733311653137
[[-0.66314035  0.12040003  0.73874807  0.22170581]
 [-0.56070584  0.57391032 -0.59685501 -0.20640912]
 [-0.4958365  -0.810019   -0.31307409  0.0563425 ]
 [ 0.          0.          0.          1.        ]]   0.8940728306770325
[[-0.83642067  0.10122175  0.53866003  0.17513617]
 [-0.52190926  0.15301632 -0.83916431 -0.21701758]
 [-0.16736545 -0.98302602 -0.07515745  0.1219415 ]
 [ 0.          0.          0.          1.        ]]   0.8161413073539734
[[-0.31802556  0.62231617  0.71524983  0.21134924]
 [-0.56847445  0.47858999 -0.66916995  0.18542872]
 [-0.7587467  -0.6194144   0.20156699  0.04740479]
 [ 0.          0.          0.          1.        ]]   0.847314715385437
[[-0.75851101  0.18411615  0.62510983  0.22045067]
 [-0.5228406   0.40063248 -0.75241699 -0.20918909]
 [-0.38897142 -0.89754936 -0.20762074  0.07661326]
 [ 0.          0.          0.          1.        ]]   0.8870987296104431
[[-0.30149941  0.63754837  0.70896416  0.21792932]
 [-0.5605877   0.48293814 -0.67269026  0.18496172]
 [-0.77125841 -0.6002523   0.21179621  0.04708846]
 [ 0.          0.          0.          1.        ]]   0.8332805633544922
[[-0.51388892  0.10981228  0.85079929  0.22174245]
 [-0.584678    0.68091121 -0.44103464 -0.19771715]
 [-0.6277498  -0.72408645 -0.2857079   0.03392213]
 [ 0.          0.          0.          1.        ]]   0.8970086574554443
[[-0.44997976  0.10031549  0.88738663  0.22279448]
 [-0.58264885  0.72007084 -0.37685315 -0.19078391]
 [-0.67678544 -0.68661109 -0.2655686   0.02558017]
 [ 0.          0.          0.          1.        ]]   0.8437677025794983
[[-0.49118928  0.52078773  0.69822148  0.13980849]
 [-0.59022353  0.39051788 -0.70649272  0.19145963]
 [-0.64060071 -0.7591284   0.11556298  0.04596363]
 [ 0.          0.          0.          1.        ]]   0.892016589641571
[[ 0.19036119 -0.08670849  0.97787742  0.30649719]
 [-0.09712835  0.98954119  0.10665047 -0.09178617]
 [-0.97689749 -0.11528173  0.17994839 -0.02188161]
 [ 0.          0.          0.          1.        ]]   0.8949459791183472
[[-0.66893273  0.12154499  0.73331836  0.22150494]
 [-0.55931904  0.56747122 -0.60426701 -0.20666513]
 [-0.48958269 -0.81437291 -0.31161764  0.05715724]
 [ 0.          0.          0.          1.        ]]   0.8609632849693298
[[-0.4866769   0.52283561  0.69984893  0.14633066]
 [-0.58763239  0.39685553 -0.70511975  0.19197562]
 [-0.64640063 -0.75441939  0.11409472  0.04748545]
 [ 0.          0.          0.          1.        ]]   0.8417733311653137
[[-0.83642067  0.10122175  0.53866003  0.17513617]
 [-0.52190926  0.15301632 -0.83916431 -0.21701758]
 [-0.16736545 -0.98302602 -0.07515745  0.1219415 ]
 [ 0.          0.          0.          1.        ]]   0.8161413073539734
[[-0.31802556  0.62231617  0.71524983  0.21134924]
 [-0.56847445  0.47858999 -0.66916995  0.18542872]
 [-0.7587467  -0.6194144   0.20156699  0.04740479]
 [ 0.          0.          0.          1.        ]]   0.847314715385437
[[-0.75851101  0.18411615  0.62510983  0.22045067]
 [-0.5228406   0.40063248 -0.75241699 -0.20918909]
 [-0.38897142 -0.89754936 -0.20762074  0.07661326]
 [ 0.          0.          0.          1.        ]]   0.8870987296104431
[[-0.30149941  0.63754837  0.70896416  0.21792932]
 [-0.5605877   0.48293814 -0.67269026  0.18496172]
 [-0.77125841 -0.6002523   0.21179621  0.04708846]
 [ 0.          0.          0.          1.        ]]   0.8332805633544922
[[-0.41437608  0.09822085  0.9047901   0.22732677]
 [-0.57217751  0.74499573 -0.34292019 -0.18409075]
 [-0.70774668 -0.65979847 -0.25250865  0.02075032]
 [ 0.          0.          0.          1.        ]]   0.9068437814712524
[[-0.44997976  0.10031549  0.88738663  0.22279448]
 [-0.58264885  0.72007084 -0.37685315 -0.19078391]
 [-0.67678544 -0.68661109 -0.2655686   0.02558017]
 [ 0.          0.          0.          1.        ]]   0.8437677025794983
[[-0.49118928  0.52078773  0.69822148  0.13980849]
 [-0.59022353  0.39051788 -0.70649272  0.19145963]
 [-0.64060071 -0.7591284   0.11556298  0.04596363]
 [ 0.          0.          0.          1.        ]]   0.892016589641571
[[ 0.19036119 -0.08670849  0.97787742  0.30649719]
 [-0.09712835  0.98954119  0.10665047 -0.09178617]
 [-0.97689749 -0.11528173  0.17994839 -0.02188161]
 [ 0.          0.          0.          1.        ]]   0.8949459791183472
[[-0.66893273  0.12154499  0.73331836  0.22150494]
 [-0.55931904  0.56747122 -0.60426701 -0.20666513]
 [-0.48958269 -0.81437291 -0.31161764  0.05715724]
 [ 0.          0.          0.          1.        ]]   0.8609632849693298
[[-0.24681216  0.68186553  0.68858054  0.24713393]
 [-0.52766976  0.50142195 -0.68566803  0.18293167]
 [-0.81280279 -0.53257434  0.23604279  0.05024903]
 [ 0.          0.          0.          1.        ]]   0.9079926609992981
[[-0.4866769   0.52283561  0.69984893  0.14633066]
 [-0.58763239  0.39685553 -0.70511975  0.19197562]
 [-0.64640063 -0.75441939  0.11409472  0.04748545]
 [ 0.          0.          0.          1.        ]]   0.8417733311653137
[[-0.38616929  0.58873719  0.71011394  0.18932057]
 [-0.57830556  0.44522908 -0.68361813  0.18879581]
 [-0.71863479 -0.67465516  0.16853619  0.04762955]
 [ 0.          0.          0.          1.        ]]   0.9015363454818726
[[-0.83642067  0.10122175  0.53866003  0.17513617]
 [-0.52190926  0.15301632 -0.83916431 -0.21701758]
 [-0.16736545 -0.98302602 -0.07515745  0.1219415 ]
 [ 0.          0.          0.          1.        ]]   0.8161413073539734
[[-0.31802556  0.62231617  0.71524983  0.21134924]
 [-0.56847445  0.47858999 -0.66916995  0.18542872]
 [-0.7587467  -0.6194144   0.20156699  0.04740479]
 [ 0.          0.          0.          1.        ]]   0.847314715385437
[[-0.75851101  0.18411615  0.62510983  0.22045067]
 [-0.5228406   0.40063248 -0.75241699 -0.20918909]
 [-0.38897142 -0.89754936 -0.20762074  0.07661326]
 [ 0.          0.          0.          1.        ]]   0.8870987296104431
[[-0.30149941  0.63754837  0.70896416  0.21792932]
 [-0.5605877   0.48293814 -0.67269026  0.18496172]
 [-0.77125841 -0.6002523   0.21179621  0.04708846]
 [ 0.          0.          0.          1.        ]]   0.8332805633544922
[[-0.41437608  0.09822085  0.9047901   0.22732677]
 [-0.57217751  0.74499573 -0.34292019 -0.18409075]
 [-0.70774668 -0.65979847 -0.25250865  0.02075032]
 [ 0.          0.          0.          1.        ]]   0.9068437814712524
[[-0.72402939  0.12673631  0.67802607  0.22291544]
 [-0.5375486   0.51228868 -0.66977743 -0.20885684]
 [-0.4322302  -0.84941051 -0.30278513  0.06869963]
 [ 0.          0.          0.          1.        ]]   0.8672072291374207
[[-0.49118928  0.52078773  0.69822148  0.13980849]
 [-0.59022353  0.39051788 -0.70649272  0.19145963]
 [-0.64060071 -0.7591284   0.11556298  0.04596363]
 [ 0.          0.          0.          1.        ]]   0.892016589641571
[[ 0.19036119 -0.08670849  0.97787742  0.30649719]
 [-0.09712835  0.98954119  0.10665047 -0.09178617]
 [-0.97689749 -0.11528173  0.17994839 -0.02188161]
 [ 0.          0.          0.          1.        ]]   0.8949459791183472
[[-0.66893273  0.12154499  0.73331836  0.22150494]
 [-0.55931904  0.56747122 -0.60426701 -0.20666513]
 [-0.48958269 -0.81437291 -0.31161764  0.05715724]
 [ 0.          0.          0.          1.        ]]   0.8609632849693298
[[-0.4866769   0.52283561  0.69984893  0.14633066]
 [-0.58763239  0.39685553 -0.70511975  0.19197562]
 [-0.64640063 -0.75441939  0.11409472  0.04748545]
 [ 0.          0.          0.          1.        ]]   0.8417733311653137
[[-0.26973071  0.66174352  0.69952902  0.23360693]
 [-0.54315335  0.49530239 -0.67798229  0.18380297]
 [-0.79512878 -0.56282417  0.22582995  0.04861921]
 [ 0.          0.          0.          1.        ]]   0.8561227917671204
[[-0.38616929  0.58873719  0.71011394  0.18932057]
 [-0.57830556  0.44522908 -0.68361813  0.18879581]
 [-0.71863479 -0.67465516  0.16853619  0.04762955]
 [ 0.          0.          0.          1.        ]]   0.9015363454818726
[[ 0.17166596 -0.08686285  0.98131832  0.30606569]
 [-0.10333373  0.98902288  0.10562142 -0.09151909]
 [-0.97972085 -0.11953489  0.1608057  -0.02069817]
 [ 0.          0.          0.          1.        ]]   0.8289352059364319
[[-0.83642067  0.10122175  0.53866003  0.17513617]
 [-0.52190926  0.15301632 -0.83916431 -0.21701758]
 [-0.16736545 -0.98302602 -0.07515745  0.1219415 ]
 [ 0.          0.          0.          1.        ]]   0.8161413073539734
[[-0.75851101  0.18411615  0.62510983  0.22045067]
 [-0.5228406   0.40063248 -0.75241699 -0.20918909]
 [-0.38897142 -0.89754936 -0.20762074  0.07661326]
 [ 0.          0.          0.          1.        ]]   0.8870987296104431
[[-0.30149941  0.63754837  0.70896416  0.21792932]
 [-0.5605877   0.48293814 -0.67269026  0.18496172]
 [-0.77125841 -0.6002523   0.21179621  0.04708846]
 [ 0.          0.          0.          1.        ]]   0.8332805633544922
[[-0.41437608  0.09822085  0.9047901   0.22732677]
 [-0.57217751  0.74499573 -0.34292019 -0.18409075]
 [-0.70774668 -0.65979847 -0.25250865  0.02075032]
 [ 0.          0.          0.          1.        ]]   0.9068437814712524
[[-0.72402939  0.12673631  0.67802607  0.22291544]
 [-0.5375486   0.51228868 -0.66977743 -0.20885684]
 [-0.4322302  -0.84941051 -0.30278513  0.06869963]
 [ 0.          0.          0.          1.        ]]   0.8672072291374207
[[ 0.19036119 -0.08670849  0.97787742  0.30649719]
 [-0.09712835  0.98954119  0.10665047 -0.09178617]
 [-0.97689749 -0.11528173  0.17994839 -0.02188161]
 [ 0.          0.          0.          1.        ]]   0.8949459791183472
[[-0.66893273  0.12154499  0.73331836  0.22150494]
 [-0.55931904  0.56747122 -0.60426701 -0.20666513]
 [-0.48958269 -0.81437291 -0.31161764  0.05715724]
 [ 0.          0.          0.          1.        ]]   0.8609632849693298
[[-0.83217659  0.10205324  0.54503877  0.17618002]
 [-0.53075741  0.13800726 -0.83621203 -0.21765133]
 [-0.16055745 -0.98515945 -0.0606809   0.12062039]
 [ 0.          0.          0.          1.        ]]   0.8153498768806458
[[-0.4866769   0.52283561  0.69984893  0.14633066]
 [-0.58763239  0.39685553 -0.70511975  0.19197562]
 [-0.64640063 -0.75441939  0.11409472  0.04748545]
 [ 0.          0.          0.          1.        ]]   0.8417733311653137
[[-0.26973071  0.66174352  0.69952902  0.23360693]
 [-0.54315335  0.49530239 -0.67798229  0.18380297]
 [-0.79512878 -0.56282417  0.22582995  0.04861921]
 [ 0.          0.          0.          1.        ]]   0.8561227917671204
[[-0.38616929  0.58873719  0.71011394  0.18932057]
 [-0.57830556  0.44522908 -0.68361813  0.18879581]
 [-0.71863479 -0.67465516  0.16853619  0.04762955]
 [ 0.          0.          0.          1.        ]]   0.9015363454818726
[[ 0.17166596 -0.08686285  0.98131832  0.30606569]
 [-0.10333373  0.98902288  0.10562142 -0.09151909]
 [-0.97972085 -0.11953489  0.1608057  -0.02069817]
 [ 0.          0.          0.          1.        ]]   0.8289352059364319
[[-0.37641606  0.59140611  0.71312675  0.1913675 ]
 [-0.57902435  0.45070553 -0.67940807  0.18835578]
 [-0.72321625 -0.66865786  0.17278574  0.04829703]
 [ 0.          0.          0.          1.        ]]   0.8227329254150391
[[-0.75851101  0.18411615  0.62510983  0.22045067]
 [-0.5228406   0.40063248 -0.75241699 -0.20918909]
 [-0.38897142 -0.89754936 -0.20762074  0.07661326]
 [ 0.          0.          0.          1.        ]]   0.8870987296104431
[[-0.52421244  0.11150263  0.84425617  0.22197611]
 [-0.58287473  0.67579754 -0.4511704  -0.1985214 ]
 [-0.62085293 -0.72860472 -0.28926941  0.03554511]
 [ 0.          0.          0.          1.        ]]   0.8442209362983704
[[-0.30149941  0.63754837  0.70896416  0.21792932]
 [-0.5605877   0.48293814 -0.67269026  0.18496172]
 [-0.77125841 -0.6002523   0.21179621  0.04708846]
 [ 0.          0.          0.          1.        ]]   0.8332805633544922
[[-0.41437608  0.09822085  0.9047901   0.22732677]
 [-0.57217751  0.74499573 -0.34292019 -0.18409075]
 [-0.70774668 -0.65979847 -0.25250865  0.02075032]
 [ 0.          0.          0.          1.        ]]   0.9068437814712524
[[-0.72402939  0.12673631  0.67802607  0.22291544]
 [-0.5375486   0.51228868 -0.66977743 -0.20885684]
 [-0.4322302  -0.84941051 -0.30278513  0.06869963]
 [ 0.          0.          0.          1.        ]]   0.8672072291374207
[[-0.38830232  0.10153196  0.91592171  0.23220309]
 [-0.56127812  0.7622301  -0.32244712 -0.17784312]
 [-0.73088178 -0.63929378 -0.23898804  0.01636627]
 [ 0.          0.          0.          1.        ]]   0.9135397672653198
[[ 0.19036119 -0.08670849  0.97787742  0.30649719]
 [-0.09712835  0.98954119  0.10665047 -0.09178617]
 [-0.97689749 -0.11528173  0.17994839 -0.02188161]
 [ 0.          0.          0.          1.        ]]   0.8949459791183472
[[-0.66893273  0.12154499  0.73331836  0.22150494]
 [-0.55931904  0.56747122 -0.60426701 -0.20666513]
 [-0.48958269 -0.81437291 -0.31161764  0.05715724]
 [ 0.          0.          0.          1.        ]]   0.8609632849693298
[[-0.83217659  0.10205324  0.54503877  0.17618002]
 [-0.53075741  0.13800726 -0.83621203 -0.21765133]
 [-0.16055745 -0.98515945 -0.0606809   0.12062039]
 [ 0.          0.          0.          1.        ]]   0.8153498768806458
[[-0.26973071  0.66174352  0.69952902  0.23360693]
 [-0.54315335  0.49530239 -0.67798229  0.18380297]
 [-0.79512878 -0.56282417  0.22582995  0.04861921]
 [ 0.          0.          0.          1.        ]]   0.9350978136062622
[[-0.57838532  0.1226274   0.80649423  0.21986351]
 [-0.5761738   0.63846015 -0.51028657 -0.20178544]
 [-0.57748954 -0.75982311 -0.29862128  0.04160197]
 [ 0.          0.          0.          1.        ]]   0.8916255831718445
[[-0.38616929  0.58873719  0.71011394  0.18932057]
 [-0.57830556  0.44522908 -0.68361813  0.18879581]
 [-0.71863479 -0.67465516  0.16853619  0.04762955]
 [ 0.          0.          0.          1.        ]]   0.9015363454818726
[[ 0.17166596 -0.08686285  0.98131832  0.30606569]
 [-0.10333373  0.98902288  0.10562142 -0.09151909]
 [-0.97972085 -0.11953489  0.1608057  -0.02069817]
 [ 0.          0.          0.          1.        ]]   0.8289352059364319
[[-0.54982487  0.47482331  0.68719389  0.10853507]
 [-0.58226464  0.37199319 -0.72290314  0.19376638]
 [-0.59888271 -0.79759883  0.07194172  0.04576278]
 [ 0.          0.          0.          1.        ]]   0.8033016920089722
[[-0.75851101  0.18411615  0.62510983  0.22045067]
 [-0.5228406   0.40063248 -0.75241699 -0.20918909]
 [-0.38897142 -0.89754936 -0.20762074  0.07661326]
 [ 0.          0.          0.          1.        ]]   0.8870987296104431
[[-0.30149941  0.63754837  0.70896416  0.21792932]
 [-0.5605877   0.48293814 -0.67269026  0.18496172]
 [-0.77125841 -0.6002523   0.21179621  0.04708846]
 [ 0.          0.          0.          1.        ]]   0.8332805633544922
[[-0.41437608  0.09822085  0.9047901   0.22732677]
 [-0.57217751  0.74499573 -0.34292019 -0.18409075]
 [-0.70774668 -0.65979847 -0.25250865  0.02075032]
 [ 0.          0.          0.          1.        ]]   0.9068437814712524
[[-0.72402939  0.12673631  0.67802607  0.22291544]
 [-0.5375486   0.51228868 -0.66977743 -0.20885684]
 [-0.4322302  -0.84941051 -0.30278513  0.06869963]
 [ 0.          0.          0.          1.        ]]   0.8672072291374207
[[-0.38830232  0.10153196  0.91592171  0.23220309]
 [-0.56127812  0.7622301  -0.32244712 -0.17784312]
 [-0.73088178 -0.63929378 -0.23898804  0.01636627]
 [ 0.          0.          0.          1.        ]]   0.9135397672653198
[[-0.66893273  0.12154499  0.73331836  0.22150494]
 [-0.55931904  0.56747122 -0.60426701 -0.20666513]
 [-0.48958269 -0.81437291 -0.31161764  0.05715724]
 [ 0.          0.          0.          1.        ]]   0.8609632849693298
[[-0.83217659  0.10205324  0.54503877  0.17618002]
 [-0.53075741  0.13800726 -0.83621203 -0.21765133]
 [-0.16055745 -0.98515945 -0.0606809   0.12062039]
 [ 0.          0.          0.          1.        ]]   0.8153498768806458
[[-0.57838532  0.1226274   0.80649423  0.21986351]
 [-0.5761738   0.63846015 -0.51028657 -0.20178544]
 [-0.57748954 -0.75982311 -0.29862128  0.04160197]
 [ 0.          0.          0.          1.        ]]   0.8916255831718445
[[-0.38616929  0.58873719  0.71011394  0.18932057]
 [-0.57830556  0.44522908 -0.68361813  0.18879581]
 [-0.71863479 -0.67465516  0.16853619  0.04762955]
 [ 0.          0.          0.          1.        ]]   0.9015363454818726
[[ 0.17166596 -0.08686285  0.98131832  0.30606569]
 [-0.10333373  0.98902288  0.10562142 -0.09151909]
 [-0.97972085 -0.11953489  0.1608057  -0.02069817]
 [ 0.          0.          0.          1.        ]]   0.8289352059364319
[[-0.54982487  0.47482331  0.68719389  0.10853507]
 [-0.58226464  0.37199319 -0.72290314  0.19376638]
 [-0.59888271 -0.79759883  0.07194172  0.04576278]
 [ 0.          0.          0.          1.        ]]   0.8033016920089722
[[-0.00724734  0.11254681  0.99361999  0.2770314 ]
 [-0.30645254  0.94558519 -0.10934116 -0.11570946]
 [-0.95185835 -0.3052898   0.02763728 -0.02239636]
 [ 0.          0.          0.          1.        ]]   0.8932865858078003
[[-0.75851101  0.18411615  0.62510983  0.22045067]
 [-0.5228406   0.40063248 -0.75241699 -0.20918909]
 [-0.38897142 -0.89754936 -0.20762074  0.07661326]
 [ 0.          0.          0.          1.        ]]   0.8870987296104431
[[-0.30149941  0.63754837  0.70896416  0.21792932]
 [-0.5605877   0.48293814 -0.67269026  0.18496172]
 [-0.77125841 -0.6002523   0.21179621  0.04708846]
 [ 0.          0.          0.          1.        ]]   0.8332805633544922
[[-0.41437608  0.09822085  0.9047901   0.22732677]
 [-0.57217751  0.74499573 -0.34292019 -0.18409075]
 [-0.70774668 -0.65979847 -0.25250865  0.02075032]
 [ 0.          0.          0.          1.        ]]   0.9068437814712524
[[-0.38830232  0.10153196  0.91592171  0.23220309]
 [-0.56127812  0.7622301  -0.32244712 -0.17784312]
 [-0.73088178 -0.63929378 -0.23898804  0.01636627]
 [ 0.          0.          0.          1.        ]]   0.9135397672653198
[[-0.06008994  0.81287498  0.57933019  0.3131407 ]
 [-0.40818673  0.5096247  -0.75740759  0.17771698]
 [-0.91091865 -0.28198747  0.30118146  0.06593509]
 [ 0.          0.          0.          1.        ]]   0.8155084848403931
[[-0.66893273  0.12154499  0.73331836  0.22150494]
 [-0.55931904  0.56747122 -0.60426701 -0.20666513]
 [-0.48958269 -0.81437291 -0.31161764  0.05715724]
 [ 0.          0.          0.          1.        ]]   0.8609632849693298
[[-0.83217659  0.10205324  0.54503877  0.17618002]
 [-0.53075741  0.13800726 -0.83621203 -0.21765133]
 [-0.16055745 -0.98515945 -0.0606809   0.12062039]
 [ 0.          0.          0.          1.        ]]   0.8153498768806458
[[-0.66314035  0.12040003  0.73874807  0.22170581]
 [-0.56070584  0.57391032 -0.59685501 -0.20640912]
 [-0.4958365  -0.810019   -0.31307409  0.0563425 ]
 [ 0.          0.          0.          1.        ]]   0.9020481109619141
[[-0.57838532  0.1226274   0.80649423  0.21986351]
 [-0.5761738   0.63846015 -0.51028657 -0.20178544]
 [-0.57748954 -0.75982311 -0.29862128  0.04160197]
 [ 0.          0.          0.          1.        ]]   0.8916255831718445
[[-0.38616929  0.58873719  0.71011394  0.18932057]
 [-0.57830556  0.44522908 -0.68361813  0.18879581]
 [-0.71863479 -0.67465516  0.16853619  0.04762955]
 [ 0.          0.          0.          1.        ]]   0.9015363454818726
[[ 0.17166596 -0.08686285  0.98131832  0.30606569]
 [-0.10333373  0.98902288  0.10562142 -0.09151909]
 [-0.97972085 -0.11953489  0.1608057  -0.02069817]
 [ 0.          0.          0.          1.        ]]   0.8289352059364319
[[-0.54982487  0.47482331  0.68719389  0.10853507]
 [-0.58226464  0.37199319 -0.72290314  0.19376638]
 [-0.59888271 -0.79759883  0.07194172  0.04576278]
 [ 0.          0.          0.          1.        ]]   0.8033016920089722
[[-0.10745605  0.11431092  0.98761643  0.26819426]
 [-0.38146531  0.91259858 -0.14713277 -0.12738559]
 [-0.91811623 -0.39255171 -0.05445858 -0.0172364 ]
 [ 0.          0.          0.          1.        ]]   0.8640753626823425
[[-0.00724734  0.11254681  0.99361999  0.2770314 ]
 [-0.30645254  0.94558519 -0.10934116 -0.11570946]
 [-0.95185835 -0.3052898   0.02763728 -0.02239636]
 [ 0.          0.          0.          1.        ]]   0.8932865858078003
[[-0.75851101  0.18411615  0.62510983  0.22045067]
 [-0.5228406   0.40063248 -0.75241699 -0.20918909]
 [-0.38897142 -0.89754936 -0.20762074  0.07661326]
 [ 0.          0.          0.          1.        ]]   0.8870987296104431
[[-0.30149941  0.63754837  0.70896416  0.21792932]
 [-0.5605877   0.48293814 -0.67269026  0.18496172]
 [-0.77125841 -0.6002523   0.21179621  0.04708846]
 [ 0.          0.          0.          1.        ]]   0.8332805633544922
[[-0.41437608  0.09822085  0.9047901   0.22732677]
 [-0.57217751  0.74499573 -0.34292019 -0.18409075]
 [-0.70774668 -0.65979847 -0.25250865  0.02075032]
 [ 0.          0.          0.          1.        ]]   0.9068437814712524
[[-0.38830232  0.10153196  0.91592171  0.23220309]
 [-0.56127812  0.7622301  -0.32244712 -0.17784312]
 [-0.73088178 -0.63929378 -0.23898804  0.01636627]
 [ 0.          0.          0.          1.        ]]   0.9135397672653198
[[-0.06008994  0.81287498  0.57933019  0.3131407 ]
 [-0.40818673  0.5096247  -0.75740759  0.17771698]
 [-0.91091865 -0.28198747  0.30118146  0.06593509]
 [ 0.          0.          0.          1.        ]]   0.8155084848403931
[[-0.66893273  0.12154499  0.73331836  0.22150494]
 [-0.55931904  0.56747122 -0.60426701 -0.20666513]
 [-0.48958269 -0.81437291 -0.31161764  0.05715724]
 [ 0.          0.          0.          1.        ]]   0.8609632849693298
[[-0.83217659  0.10205324  0.54503877  0.17618002]
 [-0.53075741  0.13800726 -0.83621203 -0.21765133]
 [-0.16055745 -0.98515945 -0.0606809   0.12062039]
 [ 0.          0.          0.          1.        ]]   0.8153498768806458
[[-0.57838532  0.1226274   0.80649423  0.21986351]
 [-0.5761738   0.63846015 -0.51028657 -0.20178544]
 [-0.57748954 -0.75982311 -0.29862128  0.04160197]
 [ 0.          0.          0.          1.        ]]   0.8916255831718445
[[-0.38616929  0.58873719  0.71011394  0.18932057]
 [-0.57830556  0.44522908 -0.68361813  0.18879581]
 [-0.71863479 -0.67465516  0.16853619  0.04762955]
 [ 0.          0.          0.          1.        ]]   0.9358773231506348
[[ 0.17166596 -0.08686285  0.98131832  0.30606569]
 [-0.10333373  0.98902288  0.10562142 -0.09151909]
 [-0.97972085 -0.11953489  0.1608057  -0.02069817]
 [ 0.          0.          0.          1.        ]]   0.8102542161941528
[[-0.54982487  0.47482331  0.68719389  0.10853507]
 [-0.58226464  0.37199319 -0.72290314  0.19376638]
 [-0.59888271 -0.79759883  0.07194172  0.04576278]
 [ 0.          0.          0.          1.        ]]   0.8033016920089722
[[-0.10745605  0.11431092  0.98761643  0.26819426]
 [-0.38146531  0.91259858 -0.14713277 -0.12738559]
 [-0.91811623 -0.39255171 -0.05445858 -0.0172364 ]
 [ 0.          0.          0.          1.        ]]   0.8640753626823425
[[-0.75851101  0.18411615  0.62510983  0.22045067]
 [-0.5228406   0.40063248 -0.75241699 -0.20918909]
 [-0.38897142 -0.89754936 -0.20762074  0.07661326]
 [ 0.          0.          0.          1.        ]]   0.8870987296104431
[[-0.30149941  0.63754837  0.70896416  0.21792932]
 [-0.5605877   0.48293814 -0.67269026  0.18496172]
 [-0.77125841 -0.6002523   0.21179621  0.04708846]
 [ 0.          0.          0.          1.        ]]   0.8332805633544922
[[-0.06008994  0.81287498  0.57933019  0.3131407 ]
 [-0.40818673  0.5096247  -0.75740759  0.17771698]
 [-0.91091865 -0.28198747  0.30118146  0.06593509]
 [ 0.          0.          0.          1.        ]]   0.8155084848403931
[[-0.66893273  0.12154499  0.73331836  0.22150494]
 [-0.55931904  0.56747122 -0.60426701 -0.20666513]
 [-0.48958269 -0.81437291 -0.31161764  0.05715724]
 [ 0.          0.          0.          1.        ]]   0.8609632849693298
[[-0.83217659  0.10205324  0.54503877  0.17618002]
 [-0.53075741  0.13800726 -0.83621203 -0.21765133]
 [-0.16055745 -0.98515945 -0.0606809   0.12062039]
 [ 0.          0.          0.          1.        ]]   0.8153498768806458
[[-0.57838532  0.1226274   0.80649423  0.21986351]
 [-0.5761738   0.63846015 -0.51028657 -0.20178544]
 [-0.57748954 -0.75982311 -0.29862128  0.04160197]
 [ 0.          0.          0.          1.        ]]   0.8916255831718445
[[ 0.17166596 -0.08686285  0.98131832  0.30606569]
 [-0.10333373  0.98902288  0.10562142 -0.09151909]
 [-0.97972085 -0.11953489  0.1608057  -0.02069817]
 [ 0.          0.          0.          1.        ]]   0.8102542161941528
[[-0.10745605  0.11431092  0.98761643  0.26819426]
 [-0.38146531  0.91259858 -0.14713277 -0.12738559]
 [-0.91811623 -0.39255171 -0.05445858 -0.0172364 ]
 [ 0.          0.          0.          1.        ]]   0.8640753626823425
[[-0.3167429   0.62915662  0.70981398  0.21225021]
 [-0.56470764  0.47617894 -0.67406149  0.18550138]
 [-0.76208872 -0.61434157  0.20446325  0.04665056]
 [ 0.          0.          0.          1.        ]]   0.8145292401313782
[[-0.06008994  0.81287498  0.57933019  0.3131407 ]
 [-0.40818673  0.5096247  -0.75740759  0.17771698]
 [-0.91091865 -0.28198747  0.30118146  0.06593509]
 [ 0.          0.          0.          1.        ]]   0.8155084848403931
[[-0.66893273  0.12154499  0.73331836  0.22150494]
 [-0.55931904  0.56747122 -0.60426701 -0.20666513]
 [-0.48958269 -0.81437291 -0.31161764  0.05715724]
 [ 0.          0.          0.          1.        ]]   0.8609632849693298
[[-0.83217659  0.10205324  0.54503877  0.17618002]
 [-0.53075741  0.13800726 -0.83621203 -0.21765133]
 [-0.16055745 -0.98515945 -0.0606809   0.12062039]
 [ 0.          0.          0.          1.        ]]   0.8153498768806458
[[-0.57838532  0.1226274   0.80649423  0.21986351]
 [-0.5761738   0.63846015 -0.51028657 -0.20178544]
 [-0.57748954 -0.75982311 -0.29862128  0.04160197]
 [ 0.          0.          0.          1.        ]]   0.8916255831718445
[[ 0.17166596 -0.08686285  0.98131832  0.30606569]
 [-0.10333373  0.98902288  0.10562142 -0.09151909]
 [-0.97972085 -0.11953489  0.1608057  -0.02069817]
 [ 0.          0.          0.          1.        ]]   0.8102542161941528
[[-0.10745605  0.11431092  0.98761643  0.26819426]
 [-0.38146531  0.91259858 -0.14713277 -0.12738559]
 [-0.91811623 -0.39255171 -0.05445858 -0.0172364 ]
 [ 0.          0.          0.          1.        ]]   0.8640753626823425
[[-0.31802556  0.62231617  0.71524983  0.21134924]
 [-0.56847445  0.47858999 -0.66916995  0.18542872]
 [-0.7587467  -0.6194144   0.20156699  0.04740479]
