[[-0.80623945  0.42679853  0.40965957 -0.23204287]
 [-0.30190473  0.29867688 -0.90534284  0.0510268 ]
 [-0.50875484 -0.85360127 -0.11195259  0.15311658]
 [ 0.          0.          0.          1.        ]]   0.8830205798149109
[[-0.85822655  0.20817317  0.46916002  0.19259646]
 [-0.44500379  0.15370549 -0.88223934 -0.21330865]
 [-0.25577103 -0.96593921 -0.03927628  0.09358325]
 [ 0.          0.          0.          1.        ]]   0.8363999724388123
[[-0.80164522  0.36689652  0.47196598 -0.22176673]
 [-0.3776565   0.30118474 -0.87559312  0.10711755]
 [-0.46340102 -0.88015606 -0.10288246  0.11344736]
 [ 0.          0.          0.          1.        ]]   0.8386881351470947
[[-0.85327176  0.25811988  0.45310202  0.20927115]
 [-0.41120212  0.2012969  -0.88904014 -0.21306533]
 [-0.32068697 -0.94490935 -0.06562152  0.07913664]
 [ 0.          0.          0.          1.        ]]   0.9591664671897888
[[-0.37854326  0.17946687  0.90801798  0.21985244]
 [-0.53779239  0.75578948 -0.37357945 -0.18195549]
 [-0.75331557 -0.62974114 -0.18958309  0.00706667]
 [ 0.          0.          0.          1.        ]]   0.8209134340286255
[[-0.80078773  0.4350067   0.41171372 -0.23209741]
 [-0.30289322  0.29889843 -0.90493946  0.05491607]
 [-0.51671531 -0.84936971 -0.10759362  0.15058455]
 [ 0.          0.          0.          1.        ]]   0.8063960075378418
[[-0.33195941  0.64885967  0.68467808  0.23369986]
 [-0.55174152  0.45516548 -0.69886028  0.16396604]
 [-0.76510408 -0.60975857  0.20690636  0.03859553]
 [ 0.          0.          0.          1.        ]]   0.8866955637931824
[[-0.85822655  0.20817317  0.46916002  0.19259646]
 [-0.44500379  0.15370549 -0.88223934 -0.21330865]
 [-0.25577103 -0.96593921 -0.03927628  0.09358325]
 [ 0.          0.          0.          1.        ]]   0.8363999724388123
[[-0.81733376  0.36591689  0.44505096  0.2268631 ]
 [-0.36684472  0.26513473 -0.8916998  -0.20675682]
 [-0.44428648 -0.89208094 -0.08246889  0.06122452]
 [ 0.          0.          0.          1.        ]]   0.9514689445495605
[[-0.85327176  0.25811988  0.45310202  0.20927115]
 [-0.41120212  0.2012969  -0.88904014 -0.21306533]
 [-0.32068697 -0.94490935 -0.06562152  0.07913664]
 [ 0.          0.          0.          1.        ]]   0.9591664671897888
[[-0.37854326  0.17946687  0.90801798  0.21985244]
 [-0.53779239  0.75578948 -0.37357945 -0.18195549]
 [-0.75331557 -0.62974114 -0.18958309  0.00706667]
 [ 0.          0.          0.          1.        ]]   0.8209134340286255
[[-0.80676055  0.41998941  0.41562761 -0.23684796]
 [-0.31074855  0.29670028 -0.90299739  0.06013818]
 [-0.50256617 -0.85765834 -0.10885498  0.14979825]
 [ 0.          0.          0.          1.        ]]   0.9112256765365601
[[-0.80078773  0.4350067   0.41171372 -0.23209741]
 [-0.30289322  0.29889843 -0.90493946  0.05491607]
 [-0.51671531 -0.84936971 -0.10759362  0.15058455]
 [ 0.          0.          0.          1.        ]]   0.8063960075378418
[[-0.78383093  0.26888422  0.55974132 -0.18272289]
 [-0.47585731  0.31903471 -0.81961983  0.15002311]
 [-0.39895975 -0.90880038 -0.12211875  0.09850503]
 [ 0.          0.          0.          1.        ]]   0.8022643327713013
[[-3.10004950e-01  1.93155619e-01  9.30906997e-01  2.30921110e-01]
 [-4.81490247e-01  8.12395482e-01 -3.28908380e-01 -1.65130067e-01]
 [-8.19795141e-01 -5.50185866e-01 -1.58844074e-01 -9.66637291e-04]
 [ 0.00000000e+00  0.00000000e+00  0.00000000e+00  1.00000000e+00]]   0.8770102858543396
[[-0.33195941  0.64885967  0.68467808  0.23369986]
 [-0.55174152  0.45516548 -0.69886028  0.16396604]
 [-0.76510408 -0.60975857  0.20690636  0.03859553]
 [ 0.          0.          0.          1.        ]]   0.8866955637931824
[[-0.80623945  0.42679853  0.40965957 -0.23204287]
 [-0.30190473  0.29867688 -0.90534284  0.0510268 ]
 [-0.50875484 -0.85360127 -0.11195259  0.15311658]
 [ 0.          0.          0.          1.        ]]   0.838895857334137
[[-0.85822655  0.20817317  0.46916002  0.19259646]
 [-0.44500379  0.15370549 -0.88223934 -0.21330865]
 [-0.25577103 -0.96593921 -0.03927628  0.09358325]
 [ 0.          0.          0.          1.        ]]   0.8363999724388123
[[-0.81733376  0.36591689  0.44505096  0.2268631 ]
 [-0.36684472  0.26513473 -0.8916998  -0.20675682]
 [-0.44428648 -0.89208094 -0.08246889  0.06122452]
 [ 0.          0.          0.          1.        ]]   0.9514689445495605
[[-0.85327176  0.25811988  0.45310202  0.20927115]
 [-0.41120212  0.2012969  -0.88904014 -0.21306533]
 [-0.32068697 -0.94490935 -0.06562152  0.07913664]
 [ 0.          0.          0.          1.        ]]   0.9591664671897888
[[-0.37854326  0.17946687  0.90801798  0.21985244]
 [-0.53779239  0.75578948 -0.37357945 -0.18195549]
 [-0.75331557 -0.62974114 -0.18958309  0.00706667]
 [ 0.          0.          0.          1.        ]]   0.8209134340286255
[[-0.80676055  0.41998941  0.41562761 -0.23684796]
 [-0.31074855  0.29670028 -0.90299739  0.06013818]
 [-0.50256617 -0.85765834 -0.10885498  0.14979825]
 [ 0.          0.          0.          1.        ]]   0.8514224886894226
[[-0.80078773  0.4350067   0.41171372 -0.23209741]
 [-0.30289322  0.29889843 -0.90493946  0.05491607]
 [-0.51671531 -0.84936971 -0.10759362  0.15058455]
 [ 0.          0.          0.          1.        ]]   0.8191767334938049
[[-3.10004950e-01  1.93155619e-01  9.30906997e-01  2.30921110e-01]
 [-4.81490247e-01  8.12395482e-01 -3.28908380e-01 -1.65130067e-01]
 [-8.19795141e-01 -5.50185866e-01 -1.58844074e-01 -9.66637291e-04]
 [ 0.00000000e+00  0.00000000e+00  0.00000000e+00  1.00000000e+00]]   0.8770102858543396
[[-0.78983041  0.32412875  0.52068078 -0.21250858]
 [-0.42856837  0.31562933 -0.84658566  0.12828301]
 [-0.43874488 -0.89180641 -0.11038232  0.10472504]
 [ 0.          0.          0.          1.        ]]   0.843350887298584
[[-0.33195941  0.64885967  0.68467808  0.23369986]
 [-0.55174152  0.45516548 -0.69886028  0.16396604]
 [-0.76510408 -0.60975857  0.20690636  0.03859553]
 [ 0.          0.          0.          1.        ]]   0.8866955637931824
[[-0.80623945  0.42679853  0.40965957 -0.23204287]
 [-0.30190473  0.29867688 -0.90534284  0.0510268 ]
 [-0.50875484 -0.85360127 -0.11195259  0.15311658]
 [ 0.          0.          0.          1.        ]]   0.8326206207275391
[[-0.81733376  0.36591689  0.44505096  0.2268631 ]
 [-0.36684472  0.26513473 -0.8916998  -0.20675682]
 [-0.44428648 -0.89208094 -0.08246889  0.06122452]
 [ 0.          0.          0.          1.        ]]   0.9514689445495605
[[-0.85327176  0.25811988  0.45310202  0.20927115]
 [-0.41120212  0.2012969  -0.88904014 -0.21306533]
 [-0.32068697 -0.94490935 -0.06562152  0.07913664]
 [ 0.          0.          0.          1.        ]]   0.9591664671897888
[[-0.78282998  0.35265614  0.51265083  0.22715867]
 [-0.40767877  0.33173214 -0.85073604 -0.2026001 ]
 [-0.47008004 -0.87497853 -0.11591944  0.04884075]
 [ 0.          0.          0.          1.        ]]   0.8136633634567261
[[-0.36547919  0.18066385  0.91311858  0.22178315]
 [-0.52415733  0.7707193  -0.3622856  -0.17826328]
 [-0.76921002 -0.61102564 -0.18698558  0.00563849]
 [ 0.          0.          0.          1.        ]]   0.8729779124259949
[[-0.37854326  0.17946687  0.90801798  0.21985244]
 [-0.53779239  0.75578948 -0.37357945 -0.18195549]
 [-0.75331557 -0.62974114 -0.18958309  0.00706667]
 [ 0.          0.          0.          1.        ]]   0.8209134340286255
[[-0.80078773  0.4350067   0.41171372 -0.23209741]
 [-0.30289322  0.29889843 -0.90493946  0.05491607]
 [-0.51671531 -0.84936971 -0.10759362  0.15058455]
 [ 0.          0.          0.          1.        ]]   0.8014678955078125
[[-3.10004950e-01  1.93155619e-01  9.30906997e-01  2.30921110e-01]
 [-4.81490247e-01  8.12395482e-01 -3.28908380e-01 -1.65130067e-01]
 [-8.19795141e-01 -5.50185866e-01 -1.58844074e-01 -9.66637291e-04]
 [ 0.00000000e+00  0.00000000e+00  0.00000000e+00  1.00000000e+00]]   0.8770102858543396
[[-0.78852176  0.31032799  0.53097079 -0.20944514]
 [-0.44064001  0.31721026 -0.83977023  0.1321768 ]
 [-0.42903358 -0.89614407 -0.11338426  0.10293885]
 [ 0.          0.          0.          1.        ]]   0.8074786067008972
[[-0.33195941  0.64885967  0.68467808  0.23369986]
 [-0.55174152  0.45516548 -0.69886028  0.16396604]
 [-0.76510408 -0.60975857  0.20690636  0.03859553]
 [ 0.          0.          0.          1.        ]]   0.8866955637931824
[[-0.79463798  0.49145168  0.3564067  -0.20099654]
 [-0.22946916  0.30037359 -0.92580755  0.03111739]
 [-0.56204483 -0.81746618 -0.12591526  0.15236333]
 [ 0.          0.          0.          1.        ]]   0.8373816609382629
[[-0.81733376  0.36591689  0.44505096  0.2268631 ]
 [-0.36684472  0.26513473 -0.8916998  -0.20675682]
 [-0.44428648 -0.89208094 -0.08246889  0.06122452]
 [ 0.          0.          0.          1.        ]]   0.9514689445495605
[[-0.78282998  0.35265614  0.51265083  0.22715867]
 [-0.40767877  0.33173214 -0.85073604 -0.2026001 ]
 [-0.47008004 -0.87497853 -0.11591944  0.04884075]
 [ 0.          0.          0.          1.        ]]   0.8136633634567261
[[-0.80671797  0.3771176   0.45495981 -0.22702696]
 [-0.359946    0.29700892 -0.88443461  0.09648089]
 [-0.46866298 -0.87725026 -0.10386046  0.12174405]
 [ 0.          0.          0.          1.        ]]   0.8806161880493164
[[-0.37854326  0.17946687  0.90801798  0.21985244]
 [-0.53779239  0.75578948 -0.37357945 -0.18195549]
 [-0.75331557 -0.62974114 -0.18958309  0.00706667]
 [ 0.          0.          0.          1.        ]]   0.8209134340286255
[[-0.77213408  0.31672141  0.55090517  0.22620799]
 [-0.42449137  0.38806071 -0.81805621 -0.20210879]
 [-0.47288057 -0.86550357 -0.1651894   0.04789224]
 [ 0.          0.          0.          1.        ]]   0.9353786110877991
[[-0.71002192  0.27684447  0.64747665  0.22314819]
 [-0.46718049  0.50278662 -0.72728812 -0.20035161]
 [-0.52688829 -0.81887896 -0.22765318  0.04070493]
 [ 0.          0.          0.          1.        ]]   0.885721743106842
[[-0.33195941  0.64885967  0.68467808  0.23369986]
 [-0.55174152  0.45516548 -0.69886028  0.16396604]
 [-0.76510408 -0.60975857  0.20690636  0.03859553]
 [ 0.          0.          0.          1.        ]]   0.8866955637931824
[[-0.65807656  0.26397752  0.70516034  0.22266882]
 [-0.49811828  0.54966921 -0.67062802 -0.19846025]
 [-0.56463566 -0.79257783 -0.23023239  0.03496171]
 [ 0.          0.          0.          1.        ]]   0.8833122253417969
[[-0.78282998  0.35265614  0.51265083  0.22715867]
 [-0.40767877  0.33173214 -0.85073604 -0.2026001 ]
 [-0.47008004 -0.87497853 -0.11591944  0.04884075]
 [ 0.          0.          0.          1.        ]]   0.8136633634567261
[[-0.80671797  0.3771176   0.45495981 -0.22702696]
 [-0.359946    0.29700892 -0.88443461  0.09648089]
 [-0.46866298 -0.87725026 -0.10386046  0.12174405]
 [ 0.          0.          0.          1.        ]]   0.8806161880493164
[[-0.36547919  0.18066385  0.91311858  0.22178315]
 [-0.52415733  0.7707193  -0.3622856  -0.17826328]
 [-0.76921002 -0.61102564 -0.18698558  0.00563849]
 [ 0.          0.          0.          1.        ]]   0.8515180349349976
[[-0.37854326  0.17946687  0.90801798  0.21985244]
 [-0.53779239  0.75578948 -0.37357945 -0.18195549]
 [-0.75331557 -0.62974114 -0.18958309  0.00706667]
 [ 0.          0.          0.          1.        ]]   0.8209134340286255
[[-0.77213408  0.31672141  0.55090517  0.22620799]
 [-0.42449137  0.38806071 -0.81805621 -0.20210879]
 [-0.47288057 -0.86550357 -0.1651894   0.04789224]
 [ 0.          0.          0.          1.        ]]   0.9353786110877991
[[-0.71002192  0.27684447  0.64747665  0.22314819]
 [-0.46718049  0.50278662 -0.72728812 -0.20035161]
 [-0.52688829 -0.81887896 -0.22765318  0.04070493]
 [ 0.          0.          0.          1.        ]]   0.885721743106842
[[-0.33195941  0.64885967  0.68467808  0.23369986]
 [-0.55174152  0.45516548 -0.69886028  0.16396604]
 [-0.76510408 -0.60975857  0.20690636  0.03859553]
 [ 0.          0.          0.          1.        ]]   0.8866955637931824
[[-0.38483175  0.17687331  0.90588098  0.21825702]
 [-0.54116695  0.75182645 -0.37668995 -0.18320369]
 [-0.74769168 -0.6351951  -0.1936087   0.00722273]
 [ 0.          0.          0.          1.        ]]   0.9181818962097168
[[-0.81577791  0.37409529  0.44108855  0.22778288]
 [-0.3632799   0.26200183 -0.89408207 -0.20603623]
 [-0.4500379  -0.88961101 -0.077834    0.06057841]
 [ 0.          0.          0.          1.        ]]   0.8649019002914429
[[-0.78282998  0.35265614  0.51265083  0.22715867]
 [-0.40767877  0.33173214 -0.85073604 -0.2026001 ]
 [-0.47008004 -0.87497853 -0.11591944  0.04884075]
 [ 0.          0.          0.          1.        ]]   0.8136633634567261
[[-0.36547919  0.18066385  0.91311858  0.22178315]
 [-0.52415733  0.7707193  -0.3622856  -0.17826328]
 [-0.76921002 -0.61102564 -0.18698558  0.00563849]
 [ 0.          0.          0.          1.        ]]   0.8515180349349976
[[-0.67029748  0.26433824  0.6934166   0.22294294]
 [-0.49258507  0.54038377 -0.68216224 -0.19911723]
 [-0.55503265 -0.7988183  -0.23200881  0.03640153]
 [ 0.          0.          0.          1.        ]]   0.9541126489639282
[[-0.37854326  0.17946687  0.90801798  0.21985244]
 [-0.53779239  0.75578948 -0.37357945 -0.18195549]
 [-0.75331557 -0.62974114 -0.18958309  0.00706667]
 [ 0.          0.          0.          1.        ]]   0.8209134340286255
[[-0.77934148  0.30449375  0.54764078  0.22400051]
 [-0.42721569  0.381146   -0.81988687 -0.20346246]
 [-0.45838152 -0.87293257 -0.16695838  0.04890492]
 [ 0.          0.          0.          1.        ]]   0.8587811589241028
[[-0.77213408  0.31672141  0.55090517  0.22620799]
 [-0.42449137  0.38806071 -0.81805621 -0.20210879]
 [-0.47288057 -0.86550357 -0.1651894   0.04789224]
 [ 0.          0.          0.          1.        ]]   0.9353786110877991
[[-0.80676055  0.41998941  0.41562761 -0.23684796]
 [-0.31074855  0.29670028 -0.90299739  0.06013818]
 [-0.50256617 -0.85765834 -0.10885498  0.14979825]
 [ 0.          0.          0.          1.        ]]   0.9166733622550964
[[-0.80078773  0.4350067   0.41171372 -0.23209741]
 [-0.30289322  0.29889843 -0.90493946  0.05491607]
 [-0.51671531 -0.84936971 -0.10759362  0.15058455]
 [ 0.          0.          0.          1.        ]]   0.8797391057014465
[[-0.71002192  0.27684447  0.64747665  0.22314819]
 [-0.46718049  0.50278662 -0.72728812 -0.20035161]
 [-0.52688829 -0.81887896 -0.22765318  0.04070493]
 [ 0.          0.          0.          1.        ]]   0.8267540335655212
[[-0.38483175  0.17687331  0.90588098  0.21825702]
 [-0.54116695  0.75182645 -0.37668995 -0.18320369]
 [-0.74769168 -0.6351951  -0.1936087   0.00722273]
 [ 0.          0.          0.          1.        ]]   0.9181818962097168
[[-0.80623945  0.42679853  0.40965957 -0.23204287]
 [-0.30190473  0.29867688 -0.90534284  0.0510268 ]
 [-0.50875484 -0.85360127 -0.11195259  0.15311658]
 [ 0.          0.          0.          1.        ]]   0.8782866597175598
[[-0.85822655  0.20817317  0.46916002  0.19259646]
 [-0.44500379  0.15370549 -0.88223934 -0.21330865]
 [-0.25577103 -0.96593921 -0.03927628  0.09358325]
 [ 0.          0.          0.          1.        ]]   0.9542161822319031
[[-0.65807656  0.26397752  0.70516034  0.22266882]
 [-0.49811828  0.54966921 -0.67062802 -0.19846025]
 [-0.56463566 -0.79257783 -0.23023239  0.03496171]
 [ 0.          0.          0.          1.        ]]   0.9426847100257874
[[-0.81577791  0.37409529  0.44108855  0.22778288]
 [-0.3632799   0.26200183 -0.89408207 -0.20603623]
 [-0.4500379  -0.88961101 -0.077834    0.06057841]
 [ 0.          0.          0.          1.        ]]   0.8649019002914429
[[-0.85943908  0.21712948  0.46283827  0.19710723]
 [-0.43547867  0.16333039 -0.88525788 -0.2128398 ]
 [-0.26781113 -0.96238141 -0.04581726  0.09155142]
 [ 0.          0.          0.          1.        ]]   0.8346738815307617
[[-0.36547919  0.18066385  0.91311858  0.22178315]
 [-0.52415733  0.7707193  -0.3622856  -0.17826328]
 [-0.76921002 -0.61102564 -0.18698558  0.00563849]
 [ 0.          0.          0.          1.        ]]   0.8515180349349976
[[-0.67029748  0.26433824  0.6934166   0.22294294]
 [-0.49258507  0.54038377 -0.68216224 -0.19911723]
 [-0.55503265 -0.7988183  -0.23200881  0.03640153]
 [ 0.          0.          0.          1.        ]]   0.9541126489639282
[[-0.37854326  0.17946687  0.90801798  0.21985244]
 [-0.53779239  0.75578948 -0.37357945 -0.18195549]
 [-0.75331557 -0.62974114 -0.18958309  0.00706667]
 [ 0.          0.          0.          1.        ]]   0.8209134340286255
[[-0.77934148  0.30449375  0.54764078  0.22400051]
 [-0.42721569  0.381146   -0.81988687 -0.20346246]
 [-0.45838152 -0.87293257 -0.16695838  0.04890492]
 [ 0.          0.          0.          1.        ]]   0.8587811589241028
[[-0.77213408  0.31672141  0.55090517  0.22620799]
 [-0.42449137  0.38806071 -0.81805621 -0.20210879]
 [-0.47288057 -0.86550357 -0.1651894   0.04789224]
 [ 0.          0.          0.          1.        ]]   0.9353786110877991
[[-0.80676055  0.41998941  0.41562761 -0.23684796]
 [-0.31074855  0.29670028 -0.90299739  0.06013818]
 [-0.50256617 -0.85765834 -0.10885498  0.14979825]
 [ 0.          0.          0.          1.        ]]   0.8953726887702942
[[-0.80078773  0.4350067   0.41171372 -0.23209741]
 [-0.30289322  0.29889843 -0.90493946  0.05491607]
 [-0.51671531 -0.84936971 -0.10759362  0.15058455]
 [ 0.          0.          0.          1.        ]]   0.9077709913253784
[[-0.71002192  0.27684447  0.64747665  0.22314819]
 [-0.46718049  0.50278662 -0.72728812 -0.20035161]
 [-0.52688829 -0.81887896 -0.22765318  0.04070493]
 [ 0.          0.          0.          1.        ]]   0.8267540335655212
[[-0.80623945  0.42679853  0.40965957 -0.23204287]
 [-0.30190473  0.29867688 -0.90534284  0.0510268 ]
 [-0.50875484 -0.85360127 -0.11195259  0.15311658]
 [ 0.          0.          0.          1.        ]]   0.8182556629180908
[[-0.85822655  0.20817317  0.46916002  0.19259646]
 [-0.44500379  0.15370549 -0.88223934 -0.21330865]
 [-0.25577103 -0.96593921 -0.03927628  0.09358325]
 [ 0.          0.          0.          1.        ]]   0.9542161822319031
[[-0.81577791  0.37409529  0.44108855  0.22778288]
 [-0.3632799   0.26200183 -0.89408207 -0.20603623]
 [-0.4500379  -0.88961101 -0.077834    0.06057841]
 [ 0.          0.          0.          1.        ]]   0.8649019002914429
[[-0.85943908  0.21712948  0.46283827  0.19710723]
 [-0.43547867  0.16333039 -0.88525788 -0.2128398 ]
 [-0.26781113 -0.96238141 -0.04581726  0.09155142]
 [ 0.          0.          0.          1.        ]]   0.8346738815307617
[[-0.17545294  0.17054901  0.96960265  0.24734051]
 [-0.40135176  0.88692935 -0.22863311 -0.14304628]
 [-0.89896219 -0.42926608 -0.08716422 -0.01438161]
 [ 0.          0.          0.          1.        ]]   0.9198821783065796
[[-0.36547919  0.18066385  0.91311858  0.22178315]
 [-0.52415733  0.7707193  -0.3622856  -0.17826328]
 [-0.76921002 -0.61102564 -0.18698558  0.00563849]
 [ 0.          0.          0.          1.        ]]   0.8515180349349976
[[-0.67029748  0.26433824  0.6934166   0.22294294]
 [-0.49258507  0.54038377 -0.68216224 -0.19911723]
 [-0.55503265 -0.7988183  -0.23200881  0.03640153]
 [ 0.          0.          0.          1.        ]]   0.9541126489639282
[[-0.77934148  0.30449375  0.54764078  0.22400051]
 [-0.42721569  0.381146   -0.81988687 -0.20346246]
 [-0.45838152 -0.87293257 -0.16695838  0.04890492]
 [ 0.          0.          0.          1.        ]]   0.8587811589241028
[[-0.77213408  0.31672141  0.55090517  0.22620799]
 [-0.42449137  0.38806071 -0.81805621 -0.20210879]
 [-0.47288057 -0.86550357 -0.1651894   0.04789224]
 [ 0.          0.          0.          1.        ]]   0.9353786110877991
[[-0.80676055  0.41998941  0.41562761 -0.23684796]
 [-0.31074855  0.29670028 -0.90299739  0.06013818]
 [-0.50256617 -0.85765834 -0.10885498  0.14979825]
 [ 0.          0.          0.          1.        ]]   0.8403042554855347
[[-0.80078773  0.4350067   0.41171372 -0.23209741]
 [-0.30289322  0.29889843 -0.90493946  0.05491607]
 [-0.51671531 -0.84936971 -0.10759362  0.15058455]
 [ 0.          0.          0.          1.        ]]   0.9454789757728577
[[-0.71002192  0.27684447  0.64747665  0.22314819]
 [-0.46718049  0.50278662 -0.72728812 -0.20035161]
 [-0.52688829 -0.81887896 -0.22765318  0.04070493]
 [ 0.          0.          0.          1.        ]]   0.8267540335655212
[[-0.79463798  0.49145168  0.3564067  -0.20099654]
 [-0.22946916  0.30037359 -0.92580755  0.03111739]
 [-0.56204483 -0.81746618 -0.12591526  0.15236333]
 [ 0.          0.          0.          1.        ]]   0.8898090124130249
[[-0.79166009  0.40741619  0.45528711  0.2292725 ]
 [-0.36324329  0.28531838 -0.88693164 -0.20160525]
 [-0.49125209 -0.86752837 -0.07788398  0.05086694]
 [ 0.          0.          0.          1.        ]]   0.8816639184951782
[[-0.80623945  0.42679853  0.40965957 -0.23204287]
 [-0.30190473  0.29867688 -0.90534284  0.0510268 ]
 [-0.50875484 -0.85360127 -0.11195259  0.15311658]
 [ 0.          0.          0.          1.        ]]   0.9176918864250183
[[-0.85822655  0.20817317  0.46916002  0.19259646]
 [-0.44500379  0.15370549 -0.88223934 -0.21330865]
 [-0.25577103 -0.96593921 -0.03927628  0.09358325]
 [ 0.          0.          0.          1.        ]]   0.9542161822319031
[[-0.81577791  0.37409529  0.44108855  0.22778288]
 [-0.3632799   0.26200183 -0.89408207 -0.20603623]
 [-0.4500379  -0.88961101 -0.077834    0.06057841]
 [ 0.          0.          0.          1.        ]]   0.8649019002914429
[[-0.85943908  0.21712948  0.46283827  0.19710723]
 [-0.43547867  0.16333039 -0.88525788 -0.2128398 ]
 [-0.26781113 -0.96238141 -0.04581726  0.09155142]
 [ 0.          0.          0.          1.        ]]   0.8346738815307617
[[-0.44312256  0.18696881  0.87674686  0.21444363]
 [-0.56749363  0.69859243 -0.43579765 -0.19165579]
 [-0.69396929 -0.69066003 -0.20345845  0.01037768]
 [ 0.          0.          0.          1.        ]]   0.855427086353302
[[-0.79210483  0.50878926  0.33719938 -0.18567582]
 [-0.20504217  0.29853761 -0.93211212  0.0241359 ]
 [-0.57491533 -0.80747061 -0.13214983  0.15679403]
 [ 0.          0.          0.          1.        ]]   0.8038564920425415
[[-0.17545294  0.17054901  0.96960265  0.24734051]
 [-0.40135176  0.88692935 -0.22863311 -0.14304628]
 [-0.89896219 -0.42926608 -0.08716422 -0.01438161]
 [ 0.          0.          0.          1.        ]]   0.9198821783065796
[[-0.36547919  0.18066385  0.91311858  0.22178315]
 [-0.52415733  0.7707193  -0.3622856  -0.17826328]
 [-0.76921002 -0.61102564 -0.18698558  0.00563849]
 [ 0.          0.          0.          1.        ]]   0.8515180349349976
[[-0.67029748  0.26433824  0.6934166   0.22294294]
 [-0.49258507  0.54038377 -0.68216224 -0.19911723]
 [-0.55503265 -0.7988183  -0.23200881  0.03640153]
 [ 0.          0.          0.          1.        ]]   0.9541126489639282
[[-0.77213408  0.31672141  0.55090517  0.22620799]
 [-0.42449137  0.38806071 -0.81805621 -0.20210879]
 [-0.47288057 -0.86550357 -0.1651894   0.04789224]
 [ 0.          0.          0.          1.        ]]   0.9353786110877991
[[-0.79166009  0.40741619  0.45528711  0.2292725 ]
 [-0.36324329  0.28531838 -0.88693164 -0.20160525]
 [-0.49125209 -0.86752837 -0.07788398  0.05086694]
 [ 0.          0.          0.          1.        ]]   0.8816639184951782
[[-0.85822655  0.20817317  0.46916002  0.19259646]
 [-0.44500379  0.15370549 -0.88223934 -0.21330865]
 [-0.25577103 -0.96593921 -0.03927628  0.09358325]
 [ 0.          0.          0.          1.        ]]   0.9542161822319031
[[-0.80489904  0.37474419  0.46011339 -0.22483506]
 [-0.36583269  0.29713465 -0.88197361  0.10066937]
 [-0.46723011 -0.87822423 -0.10206972  0.11857713]
 [ 0.          0.          0.          1.        ]]   0.8287290930747986
[[-0.81577791  0.37409529  0.44108855  0.22778288]
 [-0.3632799   0.26200183 -0.89408207 -0.20603623]
 [-0.4500379  -0.88961101 -0.077834    0.06057841]
 [ 0.          0.          0.          1.        ]]   0.8649019002914429
[[-0.17545294  0.17054901  0.96960265  0.24734051]
 [-0.40135176  0.88692935 -0.22863311 -0.14304628]
 [-0.89896219 -0.42926608 -0.08716422 -0.01438161]
 [ 0.          0.          0.          1.        ]]   0.9198821783065796
[[-0.36547919  0.18066385  0.91311858  0.22178315]
 [-0.52415733  0.7707193  -0.3622856  -0.17826328]
 [-0.76921002 -0.61102564 -0.18698558  0.00563849]
 [ 0.          0.          0.          1.        ]]   0.8515180349349976
[[-0.67029748  0.26433824  0.6934166   0.22294294]
 [-0.49258507  0.54038377 -0.68216224 -0.19911723]
 [-0.55503265 -0.7988183  -0.23200881  0.03640153]
 [ 0.          0.          0.          1.        ]]   0.9541126489639282
[[-0.77213408  0.31672141  0.55090517  0.22620799]
 [-0.42449137  0.38806071 -0.81805621 -0.20210879]
 [-0.47288057 -0.86550357 -0.1651894   0.04789224]
 [ 0.          0.          0.          1.        ]]   0.9353786110877991
[[-0.80676055  0.41998941  0.41562761 -0.23684796]
 [-0.31074855  0.29670028 -0.90299739  0.06013818]
 [-0.50256617 -0.85765834 -0.10885498  0.14979825]
 [ 0.          0.          0.          1.        ]]   0.8926193118095398
[[-0.80078773  0.4350067   0.41171372 -0.23209741]
 [-0.30289322  0.29889843 -0.90493946  0.05491607]
 [-0.51671531 -0.84936971 -0.10759362  0.15058455]
 [ 0.          0.          0.          1.        ]]   0.8895125985145569
[[-0.74264074  0.28567908  0.60569975  0.22427743]
 [-0.4412973   0.47155086 -0.76347657 -0.20146405]
 [-0.50372752 -0.83428248 -0.22412347  0.04468623]
 [ 0.          0.          0.          1.        ]]   0.8173882365226746
[[-0.79166009  0.40741619  0.45528711  0.2292725 ]
 [-0.36324329  0.28531838 -0.88693164 -0.20160525]
 [-0.49125209 -0.86752837 -0.07788398  0.05086694]
 [ 0.          0.          0.          1.        ]]   0.8816639184951782
[[-0.83524996  0.31350706  0.45174199  0.22038653]
 [-0.38886305  0.24407481 -0.88837662 -0.21020712]
 [-0.38877118 -0.91768231 -0.08195217  0.06949332]
 [ 0.          0.          0.          1.        ]]   0.916076123714447
[[-0.81577791  0.37409529  0.44108855  0.22778288]
 [-0.3632799   0.26200183 -0.89408207 -0.20603623]
 [-0.4500379  -0.88961101 -0.077834    0.06057841]
 [ 0.          0.          0.          1.        ]]   0.8649019002914429
[[-0.36289266  0.18112409  0.91405852  0.22234373]
 [-0.52136718  0.77355083 -0.36027126 -0.17723453]
 [-0.77232453 -0.60729991 -0.18628376  0.00522367]
 [ 0.          0.          0.          1.        ]]   0.8250342011451721
[[-0.17545294  0.17054901  0.96960265  0.24734051]
 [-0.40135176  0.88692935 -0.22863311 -0.14304628]
 [-0.89896219 -0.42926608 -0.08716422 -0.01438161]
 [ 0.          0.          0.          1.        ]]   0.9198821783065796
[[-0.36547919  0.18066385  0.91311858  0.22178315]
 [-0.52415733  0.7707193  -0.3622856  -0.17826328]
 [-0.76921002 -0.61102564 -0.18698558  0.00563849]
 [ 0.          0.          0.          1.        ]]   0.8515180349349976
[[-0.67029748  0.26433824  0.6934166   0.22294294]
 [-0.49258507  0.54038377 -0.68216224 -0.19911723]
 [-0.55503265 -0.7988183  -0.23200881  0.03640153]
 [ 0.          0.          0.          1.        ]]   0.9541126489639282
[[-0.80450757  0.37465638  0.46086892 -0.2248505 ]
 [-0.366545    0.2973729  -0.88159748  0.10123936]
 [-0.46734605 -0.87818105 -0.10191033  0.11782243]
 [ 0.          0.          0.          1.        ]]   0.8036699295043945
[[-0.77213408  0.31672141  0.55090517  0.22620799]
 [-0.42449137  0.38806071 -0.81805621 -0.20210879]
 [-0.47288057 -0.86550357 -0.1651894   0.04789224]
 [ 0.          0.          0.          1.        ]]   0.9353786110877991
[[-0.80078773  0.4350067   0.41171372 -0.23209741]
 [-0.30289322  0.29889843 -0.90493946  0.05491607]
 [-0.51671531 -0.84936971 -0.10759362  0.15058455]
 [ 0.          0.          0.          1.        ]]   0.8895125985145569
[[-0.74264074  0.28567908  0.60569975  0.22427743]
 [-0.4412973   0.47155086 -0.76347657 -0.20146405]
 [-0.50372752 -0.83428248 -0.22412347  0.04468623]
 [ 0.          0.          0.          1.        ]]   0.8173882365226746
[[-0.1789154   0.17064484  0.96895285  0.24697012]
 [-0.40369601  0.88538871 -0.23046988 -0.14353565]
 [-0.8972284  -0.43239701 -0.08952104 -0.01405284]
 [ 0.          0.          0.          1.        ]]   0.9612842798233032
[[-0.79166009  0.40741619  0.45528711  0.2292725 ]
 [-0.36324329  0.28531838 -0.88693164 -0.20160525]
 [-0.49125209 -0.86752837 -0.07788398  0.05086694]
 [ 0.          0.          0.          1.        ]]   0.8816639184951782
[[-0.81577791  0.37409529  0.44108855  0.22778288]
 [-0.3632799   0.26200183 -0.89408207 -0.20603623]
 [-0.4500379  -0.88961101 -0.077834    0.06057841]
 [ 0.          0.          0.          1.        ]]   0.8649019002914429
[[-0.44312256  0.18696881  0.87674686  0.21444363]
 [-0.56749363  0.69859243 -0.43579765 -0.19165579]
 [-0.69396929 -0.69066003 -0.20345845  0.01037768]
 [ 0.          0.          0.          1.        ]]   0.9055793881416321
[[-0.17545294  0.17054901  0.96960265  0.24734051]
 [-0.40135176  0.88692935 -0.22863311 -0.14304628]
 [-0.89896219 -0.42926608 -0.08716422 -0.01438161]
 [ 0.          0.          0.          1.        ]]   0.9198821783065796
[[-0.36547919  0.18066385  0.91311858  0.22178315]
 [-0.52415733  0.7707193  -0.3622856  -0.17826328]
 [-0.76921002 -0.61102564 -0.18698558  0.00563849]
 [ 0.          0.          0.          1.        ]]   0.8515180349349976
[[-0.67029748  0.26433824  0.6934166   0.22294294]
 [-0.49258507  0.54038377 -0.68216224 -0.19911723]
 [-0.55503265 -0.7988183  -0.23200881  0.03640153]
 [ 0.          0.          0.          1.        ]]   0.9541126489639282
[[-0.80450757  0.37465638  0.46086892 -0.2248505 ]
 [-0.366545    0.2973729  -0.88159748  0.10123936]
 [-0.46734605 -0.87818105 -0.10191033  0.11782243]
 [ 0.          0.          0.          1.        ]]   0.8036699295043945
[[-0.77213408  0.31672141  0.55090517  0.22620799]
 [-0.42449137  0.38806071 -0.81805621 -0.20210879]
 [-0.47288057 -0.86550357 -0.1651894   0.04789224]
 [ 0.          0.          0.          1.        ]]   0.9353786110877991
[[-0.80078773  0.4350067   0.41171372 -0.23209741]
 [-0.30289322  0.29889843 -0.90493946  0.05491607]
 [-0.51671531 -0.84936971 -0.10759362  0.15058455]
 [ 0.          0.          0.          1.        ]]   0.8136870265007019
[[-0.74264074  0.28567908  0.60569975  0.22427743]
 [-0.4412973   0.47155086 -0.76347657 -0.20146405]
 [-0.50372752 -0.83428248 -0.22412347  0.04468623]
 [ 0.          0.          0.          1.        ]]   0.8173882365226746
[[-0.71002192  0.27684447  0.64747665  0.22314819]
 [-0.46718049  0.50278662 -0.72728812 -0.20035161]
 [-0.52688829 -0.81887896 -0.22765318  0.04070493]
 [ 0.          0.          0.          1.        ]]   0.9095065593719482
[[-0.1789154   0.17064484  0.96895285  0.24697012]
 [-0.40369601  0.88538871 -0.23046988 -0.14353565]
 [-0.8972284  -0.43239701 -0.08952104 -0.01405284]
 [ 0.          0.          0.          1.        ]]   0.9612842798233032
[[-0.44312256  0.18696881  0.87674686  0.21444363]
 [-0.56749363  0.69859243 -0.43579765 -0.19165579]
 [-0.69396929 -0.69066003 -0.20345845  0.01037768]
 [ 0.          0.          0.          1.        ]]   0.9055793881416321
[[-0.17545294  0.17054901  0.96960265  0.24734051]
 [-0.40135176  0.88692935 -0.22863311 -0.14304628]
 [-0.89896219 -0.42926608 -0.08716422 -0.01438161]
 [ 0.          0.          0.          1.        ]]   0.9198821783065796
[[-0.36547919  0.18066385  0.91311858  0.22178315]
 [-0.52415733  0.7707193  -0.3622856  -0.17826328]
 [-0.76921002 -0.61102564 -0.18698558  0.00563849]
 [ 0.          0.          0.          1.        ]]   0.8515180349349976
[[-0.67029748  0.26433824  0.6934166   0.22294294]
 [-0.49258507  0.54038377 -0.68216224 -0.19911723]
 [-0.55503265 -0.7988183  -0.23200881  0.03640153]
 [ 0.          0.          0.          1.        ]]   0.9541126489639282
[[-0.80450757  0.37465638  0.46086892 -0.2248505 ]
 [-0.366545    0.2973729  -0.88159748  0.10123936]
 [-0.46734605 -0.87818105 -0.10191033  0.11782243]
 [ 0.          0.          0.          1.        ]]   0.8036699295043945
[[-0.77213408  0.31672141  0.55090517  0.22620799]
 [-0.42449137  0.38806071 -0.81805621 -0.20210879]
 [-0.47288057 -0.86550357 -0.1651894   0.04789224]
 [ 0.          0.          0.          1.        ]]   0.9353786110877991
[[-0.81543192  0.36641808  0.44811669  0.22670954]
 [-0.36845606  0.26850364 -0.8900258  -0.20622941]
 [-0.44644251 -0.89086676 -0.08393748  0.05996838]
 [ 0.          0.          0.          1.        ]]   0.9099509716033936
[[-0.80676055  0.41998941  0.41562761 -0.23684796]
 [-0.31074855  0.29670028 -0.90299739  0.06013818]
 [-0.50256617 -0.85765834 -0.10885498  0.14979825]
 [ 0.          0.          0.          1.        ]]   0.8605281114578247
[[-0.80078773  0.4350067   0.41171372 -0.23209741]
 [-0.30289322  0.29889843 -0.90493946  0.05491607]
 [-0.51671531 -0.84936971 -0.10759362  0.15058455]
 [ 0.          0.          0.          1.        ]]   0.8441146612167358
[[-0.74264074  0.28567908  0.60569975  0.22427743]
 [-0.4412973   0.47155086 -0.76347657 -0.20146405]
 [-0.50372752 -0.83428248 -0.22412347  0.04468623]
 [ 0.          0.          0.          1.        ]]   0.8173882365226746
[[-0.79912285  0.38594334  0.46092344  0.22661359]
 [-0.37120838  0.28630305 -0.88330907 -0.20350656]
 [-0.47287104 -0.8769711  -0.0855259   0.05184205]
 [ 0.          0.          0.          1.        ]]   0.9182396531105042
[[-0.1789154   0.17064484  0.96895285  0.24697012]
 [-0.40369601  0.88538871 -0.23046988 -0.14353565]
 [-0.8972284  -0.43239701 -0.08952104 -0.01405284]
 [ 0.          0.          0.          1.        ]]   0.9612842798233032
[[-0.80623945  0.42679853  0.40965957 -0.23204287]
 [-0.30190473  0.29867688 -0.90534284  0.0510268 ]
 [-0.50875484 -0.85360127 -0.11195259  0.15311658]
 [ 0.          0.          0.          1.        ]]   0.8285465836524963
[[-0.80489904  0.37474419  0.46011339 -0.22483506]
 [-0.36583269  0.29713465 -0.88197361  0.10066937]
 [-0.46723011 -0.87822423 -0.10206972  0.11857713]
 [ 0.          0.          0.          1.        ]]   0.8116866946220398
[[-0.44312256  0.18696881  0.87674686  0.21444363]
 [-0.56749363  0.69859243 -0.43579765 -0.19165579]
 [-0.69396929 -0.69066003 -0.20345845  0.01037768]
 [ 0.          0.          0.          1.        ]]   0.9055793881416321
[[-0.17545294  0.17054901  0.96960265  0.24734051]
 [-0.40135176  0.88692935 -0.22863311 -0.14304628]
 [-0.89896219 -0.42926608 -0.08716422 -0.01438161]
 [ 0.          0.          0.          1.        ]]   0.9198821783065796
[[-0.36547919  0.18066385  0.91311858  0.22178315]
 [-0.52415733  0.7707193  -0.3622856  -0.17826328]
 [-0.76921002 -0.61102564 -0.18698558  0.00563849]
 [ 0.          0.          0.          1.        ]]   0.8515180349349976
[[-0.67029748  0.26433824  0.6934166   0.22294294]
 [-0.49258507  0.54038377 -0.68216224 -0.19911723]
 [-0.55503265 -0.7988183  -0.23200881  0.03640153]
 [ 0.          0.          0.          1.        ]]   0.9541126489639282
[[-0.80450757  0.37465638  0.46086892 -0.2248505 ]
 [-0.366545    0.2973729  -0.88159748  0.10123936]
 [-0.46734605 -0.87818105 -0.10191033  0.11782243]
 [ 0.          0.          0.          1.        ]]   0.8036699295043945
[[-0.79965693  0.40781197  0.44072462  0.22977196]
 [-0.35395647  0.27275187 -0.89460675 -0.2022077 ]
 [-0.48503981 -0.87137581 -0.07376024  0.05266877]
 [ 0.          0.          0.          1.        ]]   0.9161075353622437
[[-0.77213408  0.31672141  0.55090517  0.22620799]
 [-0.42449137  0.38806071 -0.81805621 -0.20210879]
 [-0.47288057 -0.86550357 -0.1651894   0.04789224]
 [ 0.          0.          0.          1.        ]]   0.9353786110877991
[[-0.74264074  0.28567908  0.60569975  0.22427743]
 [-0.4412973   0.47155086 -0.76347657 -0.20146405]
 [-0.50372752 -0.83428248 -0.22412347  0.04468623]
 [ 0.          0.          0.          1.        ]]   0.8173882365226746
[[-0.79912285  0.38594334  0.46092344  0.22661359]
 [-0.37120838  0.28630305 -0.88330907 -0.20350656]
 [-0.47287104 -0.8769711  -0.0855259   0.05184205]
 [ 0.          0.          0.          1.        ]]   0.9182396531105042
[[-0.80368143  0.40382847  0.4370569   0.2302019 ]
 [-0.35361246  0.26661988 -0.89658913 -0.20267725]
 [-0.47859627 -0.8751208  -0.07147866  0.05461855]
 [ 0.          0.          0.          1.        ]]   0.8698998093605042
[[-0.1789154   0.17064484  0.96895285  0.24697012]
 [-0.40369601  0.88538871 -0.23046988 -0.14353565]
 [-0.8972284  -0.43239701 -0.08952104 -0.01405284]
 [ 0.          0.          0.          1.        ]]   0.9612842798233032
[[-0.80623945  0.42679853  0.40965957 -0.23204287]
 [-0.30190473  0.29867688 -0.90534284  0.0510268 ]
 [-0.50875484 -0.85360127 -0.11195259  0.15311658]
 [ 0.          0.          0.          1.        ]]   0.9187289476394653
[[-0.80489904  0.37474419  0.46011339 -0.22483506]
 [-0.36583269  0.29713465 -0.88197361  0.10066937]
 [-0.46723011 -0.87822423 -0.10206972  0.11857713]
 [ 0.          0.          0.          1.        ]]   0.8116866946220398
[[-0.38707849  0.61740716  0.68482015  0.20355057]
 [-0.56969412  0.42384845 -0.70413145  0.16633729]
 [-0.72499576 -0.66269215  0.18767061  0.03504244]
 [ 0.          0.          0.          1.        ]]   0.8035288453102112
[[-0.44312256  0.18696881  0.87674686  0.21444363]
 [-0.56749363  0.69859243 -0.43579765 -0.19165579]
 [-0.69396929 -0.69066003 -0.20345845  0.01037768]
 [ 0.          0.          0.          1.        ]]   0.9055793881416321
[[-0.17545294  0.17054901  0.96960265  0.24734051]
 [-0.40135176  0.88692935 -0.22863311 -0.14304628]
 [-0.89896219 -0.42926608 -0.08716422 -0.01438161]
 [ 0.          0.          0.          1.        ]]   0.9198821783065796
[[-0.36547919  0.18066385  0.91311858  0.22178315]
 [-0.52415733  0.7707193  -0.3622856  -0.17826328]
 [-0.76921002 -0.61102564 -0.18698558  0.00563849]
 [ 0.          0.          0.          1.        ]]   0.8515180349349976
[[-0.79965693  0.40781197  0.44072462  0.22977196]
 [-0.35395647  0.27275187 -0.89460675 -0.2022077 ]
 [-0.48503981 -0.87137581 -0.07376024  0.05266877]
 [ 0.          0.          0.          1.        ]]   0.9161075353622437
[[-0.77213408  0.31672141  0.55090517  0.22620799]
 [-0.42449137  0.38806071 -0.81805621 -0.20210879]
 [-0.47288057 -0.86550357 -0.1651894   0.04789224]
 [ 0.          0.          0.          1.        ]]   0.9353786110877991
[[-0.80676055  0.41998941  0.41562761 -0.23684796]
 [-0.31074855  0.29670028 -0.90299739  0.06013818]
 [-0.50256617 -0.85765834 -0.10885498  0.14979825]
 [ 0.          0.          0.          1.        ]]   0.8773062229156494
[[-0.80078773  0.4350067   0.41171372 -0.23209741]
 [-0.30289322  0.29889843 -0.90493946  0.05491607]
 [-0.51671531 -0.84936971 -0.10759362  0.15058455]
 [ 0.          0.          0.          1.        ]]   0.8504839539527893
[[-0.79296484  0.42044207  0.44094811  0.23116372]
 [-0.34930916  0.2792469  -0.89442958 -0.20086228]
 [-0.49918922 -0.86327842 -0.0745687   0.05176885]
 [ 0.          0.          0.          1.        ]]   0.8989611864089966
[[-0.74264074  0.28567908  0.60569975  0.22427743]
 [-0.4412973   0.47155086 -0.76347657 -0.20146405]
 [-0.50372752 -0.83428248 -0.22412347  0.04468623]
 [ 0.          0.          0.          1.        ]]   0.8173882365226746
[[-0.79912285  0.38594334  0.46092344  0.22661359]
 [-0.37120838  0.28630305 -0.88330907 -0.20350656]
 [-0.47287104 -0.8769711  -0.0855259   0.05184205]
 [ 0.          0.          0.          1.        ]]   0.9182396531105042
[[-0.81853021  0.36774122  0.44133287  0.22745351]
 [-0.36620369  0.25789693 -0.89408279 -0.20705019]
 [-0.44260949 -0.89345149 -0.07642824  0.06233025]
 [ 0.          0.          0.          1.        ]]   0.8254736065864563
[[-0.80368143  0.40382847  0.4370569   0.2302019 ]
 [-0.35361246  0.26661988 -0.89658913 -0.20267725]
 [-0.47859627 -0.8751208  -0.07147866  0.05461855]
 [ 0.          0.          0.          1.        ]]   0.8698998093605042
