[[-0.59865529 -0.80097382  0.00726587  0.30849837]
 [ 0.24387734 -0.19090146 -0.95083147  0.10414836]
 [ 0.76297817 -0.5674483   0.30962353  0.02100933]
 [ 0.          0.          0.          1.        ]]   0.9652193188667297
[[-3.20827962e-01 -9.25072032e-01 -2.03251456e-01  3.42438913e-01]
 [ 5.75955061e-01 -2.01918383e-02 -8.17231948e-01  7.64761548e-02]
 [ 7.51894398e-01 -3.79254565e-01  5.39278025e-01 -3.15747203e-04]
 [ 0.00000000e+00  0.00000000e+00  0.00000000e+00  1.00000000e+00]]   0.8570083975791931
[[-0.60656467  0.78933056  0.09506082  0.26563655]
 [-0.22475955 -0.28493892  0.93182238 -0.04395001]
 [ 0.76260242  0.54384471  0.35024346  0.0469293 ]
 [ 0.          0.          0.          1.        ]]   0.9037202596664429
[[-0.70149863 -0.69764163  0.14558785  0.284913  ]
 [ 0.09687219 -0.29573153 -0.95034659  0.12213693]
 [ 0.70605627 -0.65256342  0.27503733  0.0324188 ]
 [ 0.          0.          0.          1.        ]]   0.9473505020141602
[[-0.50228612 -0.86320932 -0.05077714  0.32294236]
 [ 0.35718644 -0.15364563 -0.92130932  0.09294577]
 [ 0.78748111 -0.48089779  0.38550073  0.00967103]
 [ 0.          0.          0.          1.        ]]   0.8264983892440796
[[-0.87672493  0.47729565  0.05951696  0.24408697]
 [-0.24084625 -0.54273514  0.80463138 -0.0043633 ]
 [ 0.416349    0.69110595  0.59078429  0.03857911]
 [ 0.          0.          0.          1.        ]]   0.8781178593635559
[[-0.50984296 -0.85981639 -0.02785539  0.32092612]
 [ 0.34307774 -0.17352701 -0.92313923  0.09366616]
 [ 0.78889658 -0.48021261  0.38345539  0.01006935]
 [ 0.          0.          0.          1.        ]]   0.8044263124465942
[[-0.61921716 -0.78446756  0.03436205  0.30346385]
 [ 0.21208842 -0.20922532 -0.95459063  0.10844178]
 [ 0.75603479 -0.58381111  0.2959324   0.02402338]
 [ 0.          0.          0.          1.        ]]   0.9469324946403503
[[-0.70467039 -0.69660093  0.13485843  0.28442846]
 [ 0.09773396 -0.28354883 -0.95396443  0.12318382]
 [ 0.70277145 -0.65905024  0.26789003  0.03322273]
 [ 0.          0.          0.          1.        ]]   0.9244356155395508
[[-0.5363756  -0.8436897  -0.02211121  0.31804856]
 [ 0.31473584 -0.17564704 -0.93278586  0.09575268]
 [ 0.78309805 -0.50728277  0.35975218  0.01323815]
 [ 0.          0.          0.          1.        ]]   0.8412508964538574
[[-0.81998948  0.38379403  0.42464031  0.22847499]
 [ 0.20511965 -0.4955759   0.84399671  0.01442594]
 [ 0.53436241  0.7791705   0.32764333  0.05488985]
 [ 0.          0.          0.          1.        ]]   0.804267168045044
[[ 0.35703123  0.90950303 -0.21291533  0.27421228]
 [-0.93316273  0.35745385 -0.03786894  0.01695834]
 [ 0.04166549  0.21220504  0.97633652 -0.01216359]
 [ 0.          0.          0.          1.        ]]   0.8121171593666077
[[ 0.00405078  0.52368861 -0.85190013  0.35424533]
 [-0.89003178 -0.38648291 -0.24181476  0.03087186]
 [-0.45588048  0.75919773  0.46453395  0.03736631]
 [ 0.          0.          0.          1.        ]]   0.9102519750595093
[[-0.40094107 -0.77176047  0.49359097  0.28576163]
 [-0.04779562  0.55568215  0.83001983 -0.08167971]
 [-0.91485619  0.30919755 -0.25968257  0.08440103]
 [ 0.          0.          0.          1.        ]]   0.8766360878944397
[[-0.59865529 -0.80097382  0.00726587  0.30849837]
 [ 0.24387734 -0.19090146 -0.95083147  0.10414836]
 [ 0.76297817 -0.5674483   0.30962353  0.02100933]
 [ 0.          0.          0.          1.        ]]   0.9652193188667297
[[-0.36850081 -0.91654909 -0.15538637  0.33878587]
 [ 0.50755155 -0.05832313 -0.85964518  0.08160617]
 [ 0.77884438 -0.39564654  0.48668803  0.00232637]
 [ 0.          0.          0.          1.        ]]   0.9119477868080139
[[-3.20827962e-01 -9.25072032e-01 -2.03251456e-01  3.42438913e-01]
 [ 5.75955061e-01 -2.01918383e-02 -8.17231948e-01  7.64761548e-02]
 [ 7.51894398e-01 -3.79254565e-01  5.39278025e-01 -3.15747203e-04]
 [ 0.00000000e+00  0.00000000e+00  0.00000000e+00  1.00000000e+00]]   0.8570083975791931
[[-0.60656467  0.78933056  0.09506082  0.26563655]
 [-0.22475955 -0.28493892  0.93182238 -0.04395001]
 [ 0.76260242  0.54384471  0.35024346  0.0469293 ]
 [ 0.          0.          0.          1.        ]]   0.9037202596664429
[[-0.45450646 -0.74663544  0.48575652  0.28358909]
 [-0.03682583  0.56062261  0.82725217 -0.08115793]
 [-0.88998187  0.35810307 -0.28230207  0.08340031]
 [ 0.          0.          0.          1.        ]]   0.8482066988945007
[[-0.70149863 -0.69764163  0.14558785  0.284913  ]
 [ 0.09687219 -0.29573153 -0.95034659  0.12213693]
 [ 0.70605627 -0.65256342  0.27503733  0.0324188 ]
 [ 0.          0.          0.          1.        ]]   0.9473505020141602
[[-0.87672493  0.47729565  0.05951696  0.24408697]
 [-0.24084625 -0.54273514  0.80463138 -0.0043633 ]
 [ 0.416349    0.69110595  0.59078429  0.03857911]
 [ 0.          0.          0.          1.        ]]   0.8759156465530396
[[-0.50984296 -0.85981639 -0.02785539  0.32092612]
 [ 0.34307774 -0.17352701 -0.92313923  0.09366616]
 [ 0.78889658 -0.48021261  0.38345539  0.01006935]
 [ 0.          0.          0.          1.        ]]   0.8044263124465942
[[-0.61921716 -0.78446756  0.03436205  0.30346385]
 [ 0.21208842 -0.20922532 -0.95459063  0.10844178]
 [ 0.75603479 -0.58381111  0.2959324   0.02402338]
 [ 0.          0.          0.          1.        ]]   0.9469324946403503
[[-0.70467039 -0.69660093  0.13485843  0.28442846]
 [ 0.09773396 -0.28354883 -0.95396443  0.12318382]
 [ 0.70277145 -0.65905024  0.26789003  0.03322273]
 [ 0.          0.          0.          1.        ]]   0.9244356155395508
[[-0.87972935  0.47460929  0.0286757   0.24280545]
 [-0.28114217 -0.56786323  0.77362163 -0.00150166]
 [ 0.38345189  0.67251571  0.63299864  0.03775158]
 [ 0.          0.          0.          1.        ]]   0.9216165542602539
[[ 0.13209629  0.47398932  0.87056573  0.2423389 ]
 [ 0.58098107 -0.74861348  0.31943521  0.03869145]
 [ 0.80312612  0.463586   -0.37426789  0.0995778 ]
 [ 0.          0.          0.          1.        ]]   0.8981091380119324
[[-0.5363756  -0.8436897  -0.02211121  0.31804856]
 [ 0.31473584 -0.17564704 -0.93278586  0.09575268]
 [ 0.78309805 -0.50728277  0.35975218  0.01323815]
 [ 0.          0.          0.          1.        ]]   0.8412508964538574
[[-0.81998948  0.38379403  0.42464031  0.22847499]
 [ 0.20511965 -0.4955759   0.84399671  0.01442594]
 [ 0.53436241  0.7791705   0.32764333  0.05488985]
 [ 0.          0.          0.          1.        ]]   0.804267168045044
[[ 0.35703123  0.90950303 -0.21291533  0.27421228]
 [-0.93316273  0.35745385 -0.03786894  0.01695834]
 [ 0.04166549  0.21220504  0.97633652 -0.01216359]
 [ 0.          0.          0.          1.        ]]   0.8121171593666077
[[ 0.00405078  0.52368861 -0.85190013  0.35424533]
 [-0.89003178 -0.38648291 -0.24181476  0.03087186]
 [-0.45588048  0.75919773  0.46453395  0.03736631]
 [ 0.          0.          0.          1.        ]]   0.9090375900268555
[[-0.40094107 -0.77176047  0.49359097  0.28576163]
 [-0.04779562  0.55568215  0.83001983 -0.08167971]
 [-0.91485619  0.30919755 -0.25968257  0.08440103]
 [ 0.          0.          0.          1.        ]]   0.8766360878944397
[[ 0.36095247  0.42304781  0.83111002  0.25343171]
 [ 0.52119332 -0.83053295  0.19639894  0.04423051]
 [ 0.77335039  0.36227831 -0.52027262  0.10964107]
 [ 0.          0.          0.          1.        ]]   0.8149139285087585
[[-0.59865529 -0.80097382  0.00726587  0.30849837]
 [ 0.24387734 -0.19090146 -0.95083147  0.10414836]
 [ 0.76297817 -0.5674483   0.30962353  0.02100933]
 [ 0.          0.          0.          1.        ]]   0.9652193188667297
[[-0.36850081 -0.91654909 -0.15538637  0.33878587]
 [ 0.50755155 -0.05832313 -0.85964518  0.08160617]
 [ 0.77884438 -0.39564654  0.48668803  0.00232637]
 [ 0.          0.          0.          1.        ]]   0.9119477868080139
[[-3.20827962e-01 -9.25072032e-01 -2.03251456e-01  3.42438913e-01]
 [ 5.75955061e-01 -2.01918383e-02 -8.17231948e-01  7.64761548e-02]
 [ 7.51894398e-01 -3.79254565e-01  5.39278025e-01 -3.15747203e-04]
 [ 0.00000000e+00  0.00000000e+00  0.00000000e+00  1.00000000e+00]]   0.8570083975791931
[[-0.60656467  0.78933056  0.09506082  0.26563655]
 [-0.22475955 -0.28493892  0.93182238 -0.04395001]
 [ 0.76260242  0.54384471  0.35024346  0.0469293 ]
 [ 0.          0.          0.          1.        ]]   0.9037202596664429
[[-0.45450646 -0.74663544  0.48575652  0.28358909]
 [-0.03682583  0.56062261  0.82725217 -0.08115793]
 [-0.88998187  0.35810307 -0.28230207  0.08340031]
 [ 0.          0.          0.          1.        ]]   0.8482066988945007
[[-0.70149863 -0.69764163  0.14558785  0.284913  ]
 [ 0.09687219 -0.29573153 -0.95034659  0.12213693]
 [ 0.70605627 -0.65256342  0.27503733  0.0324188 ]
 [ 0.          0.          0.          1.        ]]   0.9473505020141602
[[-0.45386786  0.71570655  0.53081833  0.21286073]
 [-0.39538801  0.37209559 -0.83976973  0.07516402]
 [-0.79854385 -0.59102369  0.11409956  0.05657131]
 [ 0.          0.          0.          1.        ]]   0.8231662511825562
[[-0.87672493  0.47729565  0.05951696  0.24408697]
 [-0.24084625 -0.54273514  0.80463138 -0.0043633 ]
 [ 0.416349    0.69110595  0.59078429  0.03857911]
 [ 0.          0.          0.          1.        ]]   0.8759156465530396
[[-0.50984296 -0.85981639 -0.02785539  0.32092612]
 [ 0.34307774 -0.17352701 -0.92313923  0.09366616]
 [ 0.78889658 -0.48021261  0.38345539  0.01006935]
 [ 0.          0.          0.          1.        ]]   0.8656876683235168
[[-0.61921716 -0.78446756  0.03436205  0.30346385]
 [ 0.21208842 -0.20922532 -0.95459063  0.10844178]
 [ 0.75603479 -0.58381111  0.2959324   0.02402338]
 [ 0.          0.          0.          1.        ]]   0.9469324946403503
[[-0.70467039 -0.69660093  0.13485843  0.28442846]
 [ 0.09773396 -0.28354883 -0.95396443  0.12318382]
 [ 0.70277145 -0.65905024  0.26789003  0.03322273]
 [ 0.          0.          0.          1.        ]]   0.9244356155395508
[[-0.30863503  0.57897203  0.75467596  0.23696835]
 [ 0.47276054 -0.5950981   0.64988901  0.02799218]
 [ 0.82537379  0.55735953 -0.09004701  0.08271097]
 [ 0.          0.          0.          1.        ]]   0.8167471885681152
[[ 3.72559456e-01  5.61360597e-01  7.38968018e-01  1.75386748e-01]
 [-7.52664755e-01  6.48592419e-01 -1.13241513e-01  1.06430052e-03]
 [-5.42858378e-01 -5.14005986e-01  6.64155576e-01  2.05014853e-04]
 [ 0.00000000e+00  0.00000000e+00  0.00000000e+00  1.00000000e+00]]   0.9239771962165833
[[-0.5363756  -0.8436897  -0.02211121  0.31804856]
 [ 0.31473584 -0.17564704 -0.93278586  0.09575268]
 [ 0.78309805 -0.50728277  0.35975218  0.01323815]
 [ 0.          0.          0.          1.        ]]   0.8412508964538574
[[-0.81998948  0.38379403  0.42464031  0.22847499]
 [ 0.20511965 -0.4955759   0.84399671  0.01442594]
 [ 0.53436241  0.7791705   0.32764333  0.05488985]
 [ 0.          0.          0.          1.        ]]   0.804267168045044
[[ 0.35703123  0.90950303 -0.21291533  0.27421228]
 [-0.93316273  0.35745385 -0.03786894  0.01695834]
 [ 0.04166549  0.21220504  0.97633652 -0.01216359]
 [ 0.          0.          0.          1.        ]]   0.8121171593666077
[[ 0.00405078  0.52368861 -0.85190013  0.35424533]
 [-0.89003178 -0.38648291 -0.24181476  0.03087186]
 [-0.45588048  0.75919773  0.46453395  0.03736631]
 [ 0.          0.          0.          1.        ]]   0.9090375900268555
[[-0.40094107 -0.77176047  0.49359097  0.28576163]
 [-0.04779562  0.55568215  0.83001983 -0.08167971]
 [-0.91485619  0.30919755 -0.25968257  0.08440103]
 [ 0.          0.          0.          1.        ]]   0.8766360878944397
[[ 0.36095247  0.42304781  0.83111002  0.25343171]
 [ 0.52119332 -0.83053295  0.19639894  0.04423051]
 [ 0.77335039  0.36227831 -0.52027262  0.10964107]
 [ 0.          0.          0.          1.        ]]   0.8149139285087585
[[ 0.08136239  0.79791025 -0.5972599   0.32028293]
 [-0.9885344  -0.01187468 -0.15052818  0.02785094]
 [-0.12720025  0.60265929  0.78779558  0.00845273]
 [ 0.          0.          0.          1.        ]]   0.8443172574043274
[[-0.59865529 -0.80097382  0.00726587  0.30849837]
 [ 0.24387734 -0.19090146 -0.95083147  0.10414836]
 [ 0.76297817 -0.5674483   0.30962353  0.02100933]
 [ 0.          0.          0.          1.        ]]   0.9652193188667297
[[ 0.26040774  0.8976655  -0.35550593  0.29035802]
 [-0.96402401  0.26208582 -0.04437035  0.02020858]
 [ 0.05334333  0.35427063  0.93362027 -0.0074869 ]
 [ 0.          0.          0.          1.        ]]   0.8926375508308411
[[-0.45450646 -0.74663544  0.48575652  0.28358909]
 [-0.03682583  0.56062261  0.82725217 -0.08115793]
 [-0.88998187  0.35810307 -0.28230207  0.08340031]
 [ 0.          0.          0.          1.        ]]   0.8482066988945007
[[-0.70149863 -0.69764163  0.14558785  0.284913  ]
 [ 0.09687219 -0.29573153 -0.95034659  0.12213693]
 [ 0.70605627 -0.65256342  0.27503733  0.0324188 ]
 [ 0.          0.          0.          1.        ]]   0.9473505020141602
[[-0.87672493  0.47729565  0.05951696  0.24408697]
 [-0.24084625 -0.54273514  0.80463138 -0.0043633 ]
 [ 0.416349    0.69110595  0.59078429  0.03857911]
 [ 0.          0.          0.          1.        ]]   0.8211754560470581
[[ 0.05687074  0.36304544 -0.93003426  0.3738762 ]
 [-0.815942   -0.51991149 -0.25284522  0.02342907]
 [-0.5753298   0.77323351  0.26665627  0.05300301]
 [ 0.          0.          0.          1.        ]]   0.8900113701820374
[[-0.50984296 -0.85981639 -0.02785539  0.32092612]
 [ 0.34307774 -0.17352701 -0.92313923  0.09366616]
 [ 0.78889658 -0.48021261  0.38345539  0.01006935]
 [ 0.          0.          0.          1.        ]]   0.8656876683235168
[[-0.61921716 -0.78446756  0.03436205  0.30346385]
 [ 0.21208842 -0.20922532 -0.95459063  0.10844178]
 [ 0.75603479 -0.58381111  0.2959324   0.02402338]
 [ 0.          0.          0.          1.        ]]   0.9469324946403503
[[-0.70467039 -0.69660093  0.13485843  0.28442846]
 [ 0.09773396 -0.28354883 -0.95396443  0.12318382]
 [ 0.70277145 -0.65905024  0.26789003  0.03322273]
 [ 0.          0.          0.          1.        ]]   0.8769363164901733
[[-0.30863503  0.57897203  0.75467596  0.23696835]
 [ 0.47276054 -0.5950981   0.64988901  0.02799218]
 [ 0.82537379  0.55735953 -0.09004701  0.08271097]
 [ 0.          0.          0.          1.        ]]   0.8167471885681152
[[ 3.72559456e-01  5.61360597e-01  7.38968018e-01  1.75386748e-01]
 [-7.52664755e-01  6.48592419e-01 -1.13241513e-01  1.06430052e-03]
 [-5.42858378e-01 -5.14005986e-01  6.64155576e-01  2.05014853e-04]
 [ 0.00000000e+00  0.00000000e+00  0.00000000e+00  1.00000000e+00]]   0.9239771962165833
[[ 0.0958749  -0.88892191  0.44791276  0.29966065]
 [ 0.03908635  0.45300067  0.89065294 -0.08528348]
 [-0.99462569 -0.06788398  0.07817611  0.0777679 ]
 [ 0.          0.          0.          1.        ]]   0.9670531749725342
[[-0.0016885   0.54191236  0.84043331  0.16348117]
 [-0.69604931  0.6027892  -0.39007759  0.02062092]
 [-0.71799199 -0.58564167  0.37617992  0.01590267]
 [ 0.          0.          0.          1.        ]]   0.8969831466674805
[[-0.5363756  -0.8436897  -0.02211121  0.31804856]
 [ 0.31473584 -0.17564704 -0.93278586  0.09575268]
 [ 0.78309805 -0.50728277  0.35975218  0.01323815]
 [ 0.          0.          0.          1.        ]]   0.8412508964538574
[[-0.81998948  0.38379403  0.42464031  0.22847499]
 [ 0.20511965 -0.4955759   0.84399671  0.01442594]
 [ 0.53436241  0.7791705   0.32764333  0.05488985]
 [ 0.          0.          0.          1.        ]]   0.804267168045044
[[ 0.35703123  0.90950303 -0.21291533  0.27421228]
 [-0.93316273  0.35745385 -0.03786894  0.01695834]
 [ 0.04166549  0.21220504  0.97633652 -0.01216359]
 [ 0.          0.          0.          1.        ]]   0.8121171593666077
[[ 0.00405078  0.52368861 -0.85190013  0.35424533]
 [-0.89003178 -0.38648291 -0.24181476  0.03087186]
 [-0.45588048  0.75919773  0.46453395  0.03736631]
 [ 0.          0.          0.          1.        ]]   0.9090375900268555
[[-0.92091559  0.31794885  0.22543959  0.23300885]
 [ 0.00325803 -0.57210326  0.82017513  0.00799934]
 [ 0.38974846  0.75604655  0.52582292  0.04562589]
 [ 0.          0.          0.          1.        ]]   0.9011048674583435
[[-0.40094107 -0.77176047  0.49359097  0.28576163]
 [-0.04779562  0.55568215  0.83001983 -0.08167971]
 [-0.91485619  0.30919755 -0.25968257  0.08440103]
 [ 0.          0.          0.          1.        ]]   0.8766360878944397
[[ 0.08136239  0.79791025 -0.5972599   0.32028293]
 [-0.9885344  -0.01187468 -0.15052818  0.02785094]
 [-0.12720025  0.60265929  0.78779558  0.00845273]
 [ 0.          0.          0.          1.        ]]   0.8443172574043274
[[-0.59865529 -0.80097382  0.00726587  0.30849837]
 [ 0.24387734 -0.19090146 -0.95083147  0.10414836]
 [ 0.76297817 -0.5674483   0.30962353  0.02100933]
 [ 0.          0.          0.          1.        ]]   0.9652193188667297
[[ 0.45184117 -0.81198295 -0.36949053  0.34967968]
 [ 0.84956036  0.51802416 -0.09948953 -0.01044044]
 [ 0.27218883 -0.26895104  0.92389317 -0.00157547]
 [ 0.          0.          0.          1.        ]]   0.920196533203125
[[ 0.26040774  0.8976655  -0.35550593  0.29035802]
 [-0.96402401  0.26208582 -0.04437035  0.02020858]
 [ 0.05334333  0.35427063  0.93362027 -0.0074869 ]
 [ 0.          0.          0.          1.        ]]   0.8926375508308411
[[-0.45450646 -0.74663544  0.48575652  0.28358909]
 [-0.03682583  0.56062261  0.82725217 -0.08115793]
 [-0.88998187  0.35810307 -0.28230207  0.08340031]
 [ 0.          0.          0.          1.        ]]   0.8482066988945007
[[-0.87672493  0.47729565  0.05951696  0.24408697]
 [-0.24084625 -0.54273514  0.80463138 -0.0043633 ]
 [ 0.416349    0.69110595  0.59078429  0.03857911]
 [ 0.          0.          0.          1.        ]]   0.8211754560470581
[[ 0.84286519 -0.53701164 -0.03459447  0.32604343]
 [ 0.38130157  0.55063422  0.74257058 -0.0842356 ]
 [-0.37972014 -0.63907782  0.66887379  0.04210384]
 [ 0.          0.          0.          1.        ]]   0.9529337286949158
[[-0.50984296 -0.85981639 -0.02785539  0.32092612]
 [ 0.34307774 -0.17352701 -0.92313923  0.09366616]
 [ 0.78889658 -0.48021261  0.38345539  0.01006935]
 [ 0.          0.          0.          1.        ]]   0.8656876683235168
[[-0.61921716 -0.78446756  0.03436205  0.30346385]
 [ 0.21208842 -0.20922532 -0.95459063  0.10844178]
 [ 0.75603479 -0.58381111  0.2959324   0.02402338]
 [ 0.          0.          0.          1.        ]]   0.9469324946403503
[[-0.70467039 -0.69660093  0.13485843  0.28442846]
 [ 0.09773396 -0.28354883 -0.95396443  0.12318382]
 [ 0.70277145 -0.65905024  0.26789003  0.03322273]
 [ 0.          0.          0.          1.        ]]   0.8769363164901733
[[ 0.8188166  -0.54799567 -0.17099745  0.33265877]
 [ 0.52260062  0.58832223  0.61706203 -0.07678916]
 [-0.23754572 -0.59462401  0.76811088  0.02699922]
 [ 0.          0.          0.          1.        ]]   0.9011167883872986
[[ 5.27544448e-01  6.63626731e-01  5.30373846e-01  1.97077914e-01]
 [-7.63543669e-01  6.44084440e-01 -4.64359789e-02  8.69901832e-04]
 [-3.72421699e-01 -3.80466550e-01  8.46491159e-01 -1.37940896e-02]
 [ 0.00000000e+00  0.00000000e+00  0.00000000e+00  1.00000000e+00]]   0.9171714782714844
[[ 0.6346119   0.31381162  0.70625067  0.26144354]
 [ 0.43977296 -0.89810055  0.00389273  0.05033419]
 [ 0.63550569  0.30811957 -0.70795116  0.12429078]
 [ 0.          0.          0.          1.        ]]   0.8867558836936951
[[-0.30863503  0.57897203  0.75467596  0.23696835]
 [ 0.47276054 -0.5950981   0.64988901  0.02799218]
 [ 0.82537379  0.55735953 -0.09004701  0.08271097]
 [ 0.          0.          0.          1.        ]]   0.8167471885681152
[[ 3.72559456e-01  5.61360597e-01  7.38968018e-01  1.75386748e-01]
 [-7.52664755e-01  6.48592419e-01 -1.13241513e-01  1.06430052e-03]
 [-5.42858378e-01 -5.14005986e-01  6.64155576e-01  2.05014853e-04]
 [ 0.00000000e+00  0.00000000e+00  0.00000000e+00  1.00000000e+00]]   0.9239771962165833
[[ 0.0958749  -0.88892191  0.44791276  0.29966065]
 [ 0.03908635  0.45300067  0.89065294 -0.08528348]
 [-0.99462569 -0.06788398  0.07817611  0.0777679 ]
 [ 0.          0.          0.          1.        ]]   0.9670531749725342
[[-4.10294329e-01  5.43730963e-01  7.32130592e-01  2.32044536e-01]
 [ 4.41823394e-01 -5.83787456e-01  6.81163926e-01  2.79382933e-02]
 [ 7.97778573e-01  6.02950119e-01 -7.08377033e-04  7.76196616e-02]
 [ 0.00000000e+00  0.00000000e+00  0.00000000e+00  1.00000000e+00]]   0.929023027420044
[[-0.81998948  0.38379403  0.42464031  0.22847499]
 [ 0.20511965 -0.4955759   0.84399671  0.01442594]
 [ 0.53436241  0.7791705   0.32764333  0.05488985]
 [ 0.          0.          0.          1.        ]]   0.804267168045044
[[ 0.35703123  0.90950303 -0.21291533  0.27421228]
 [-0.93316273  0.35745385 -0.03786894  0.01695834]
 [ 0.04166549  0.21220504  0.97633652 -0.01216359]
 [ 0.          0.          0.          1.        ]]   0.8121171593666077
[[-0.86969375  0.38046266  0.3144534   0.23114407]
 [ 0.07146779 -0.5332957   0.84290453  0.01137536]
 [ 0.48839035  0.75554209  0.43661311  0.05088585]
 [ 0.          0.          0.          1.        ]]   0.8233885169029236
[[ 0.00405078  0.52368861 -0.85190013  0.35424533]
 [-0.89003178 -0.38648291 -0.24181476  0.03087186]
 [-0.45588048  0.75919773  0.46453395  0.03736631]
 [ 0.          0.          0.          1.        ]]   0.9090375900268555
[[-0.92091559  0.31794885  0.22543959  0.23300885]
 [ 0.00325803 -0.57210326  0.82017513  0.00799934]
 [ 0.38974846  0.75604655  0.52582292  0.04562589]
 [ 0.          0.          0.          1.        ]]   0.9011048674583435
[[ 0.08136239  0.79791025 -0.5972599   0.32028293]
 [-0.9885344  -0.01187468 -0.15052818  0.02785094]
 [-0.12720025  0.60265929  0.78779558  0.00845273]
 [ 0.          0.          0.          1.        ]]   0.8443172574043274
[[-0.48020002 -0.72738667  0.49022094  0.28197849]
 [-0.03031665  0.57230258  0.81948194 -0.08005631]
 [-0.87663495  0.37865339 -0.29687164  0.08134317]
 [ 0.          0.          0.          1.        ]]   0.8651468753814697
[[-3.20827962e-01 -9.25072032e-01 -2.03251456e-01  3.42438913e-01]
 [ 5.75955061e-01 -2.01918383e-02 -8.17231948e-01  7.64761548e-02]
 [ 7.51894398e-01 -3.79254565e-01  5.39278025e-01 -3.15747203e-04]
 [ 0.00000000e+00  0.00000000e+00  0.00000000e+00  1.00000000e+00]]   0.8056216835975647
[[-0.89452838  0.3316307   0.2997333   0.23146791]
 [ 0.07701664 -0.54616078  0.83413239  0.01047887]
 [ 0.44032648  0.76923954  0.46301524  0.04896264]
 [ 0.          0.          0.          1.        ]]   0.9209648370742798
[[-0.45450646 -0.74663544  0.48575652  0.28358909]
 [-0.03682583  0.56062261  0.82725217 -0.08115793]
 [-0.88998187  0.35810307 -0.28230207  0.08340031]
 [ 0.          0.          0.          1.        ]]   0.8482066988945007
[[-0.1541122   0.54733702  0.82260052  0.23674225]
 [ 0.56018977 -0.63740233  0.52906114  0.03185191]
 [ 0.81390224  0.54234717 -0.20838113  0.08947653]
 [ 0.          0.          0.          1.        ]]   0.8785309791564941
[[ 0.7566774  -0.64839992  0.08376671  0.32043875]
 [ 0.30606942  0.46453481  0.8309807  -0.08712573]
 [-0.57772037 -0.60314589  0.54995838  0.0491488 ]
 [ 0.          0.          0.          1.        ]]   0.9485872983932495
[[-0.87672493  0.47729565  0.05951696  0.24408697]
 [-0.24084625 -0.54273514  0.80463138 -0.0043633 ]
 [ 0.416349    0.69110595  0.59078429  0.03857911]
 [ 0.          0.          0.          1.        ]]   0.8211754560470581
[[ 0.84286519 -0.53701164 -0.03459447  0.32604343]
 [ 0.38130157  0.55063422  0.74257058 -0.0842356 ]
 [-0.37972014 -0.63907782  0.66887379  0.04210384]
 [ 0.          0.          0.          1.        ]]   0.9529337286949158
[[ 0.3832447   0.9087975  -0.16495638  0.26951869]
 [-0.92221444  0.38644091 -0.01356281  0.01487623]
 [ 0.05142004  0.15732303  0.98620761 -0.01406388]
 [ 0.          0.          0.          1.        ]]   0.8259140849113464
[[-0.61921716 -0.78446756  0.03436205  0.30346385]
 [ 0.21208842 -0.20922532 -0.95459063  0.10844178]
 [ 0.75603479 -0.58381111  0.2959324   0.02402338]
 [ 0.          0.          0.          1.        ]]   0.9469324946403503
[[-0.70467039 -0.69660093  0.13485843  0.28442846]
 [ 0.09773396 -0.28354883 -0.95396443  0.12318382]
 [ 0.70277145 -0.65905024  0.26789003  0.03322273]
 [ 0.          0.          0.          1.        ]]   0.8769363164901733
[[ 0.8188166  -0.54799567 -0.17099745  0.33265877]
 [ 0.52260062  0.58832223  0.61706203 -0.07678916]
 [-0.23754572 -0.59462401  0.76811088  0.02699922]
 [ 0.          0.          0.          1.        ]]   0.9011167883872986
[[ 5.27544448e-01  6.63626731e-01  5.30373846e-01  1.97077914e-01]
 [-7.63543669e-01  6.44084440e-01 -4.64359789e-02  8.69901832e-04]
 [-3.72421699e-01 -3.80466550e-01  8.46491159e-01 -1.37940896e-02]
 [ 0.00000000e+00  0.00000000e+00  0.00000000e+00  1.00000000e+00]]   0.9171714782714844
[[ 0.6346119   0.31381162  0.70625067  0.26144354]
 [ 0.43977296 -0.89810055  0.00389273  0.05033419]
 [ 0.63550569  0.30811957 -0.70795116  0.12429078]
 [ 0.          0.          0.          1.        ]]   0.8867558836936951
[[-0.30863503  0.57897203  0.75467596  0.23696835]
 [ 0.47276054 -0.5950981   0.64988901  0.02799218]
 [ 0.82537379  0.55735953 -0.09004701  0.08271097]
 [ 0.          0.          0.          1.        ]]   0.8167471885681152
[[ 0.26529551  0.53451126  0.80244377  0.16839568]
 [-0.75225461  0.63534383 -0.17450277  0.00407389]
 [-0.60310139 -0.55734723  0.57064242  0.0056938 ]
 [ 0.          0.          0.          1.        ]]   0.9607803821563721
[[ 0.43003803  0.90276735 -0.00885446  0.25427212]
 [-0.90216814  0.42934127 -0.04193701  0.01102721]
 [-0.03405778  0.02602272  0.99908102 -0.01821613]
 [ 0.          0.          0.          1.        ]]   0.863778293132782
[[ 3.72559456e-01  5.61360597e-01  7.38968018e-01  1.75386748e-01]
 [-7.52664755e-01  6.48592419e-01 -1.13241513e-01  1.06430052e-03]
 [-5.42858378e-01 -5.14005986e-01  6.64155576e-01  2.05014853e-04]
 [ 0.00000000e+00  0.00000000e+00  0.00000000e+00  1.00000000e+00]]   0.9239771962165833
[[-4.10294329e-01  5.43730963e-01  7.32130592e-01  2.32044536e-01]
 [ 4.41823394e-01 -5.83787456e-01  6.81163926e-01  2.79382933e-02]
 [ 7.97778573e-01  6.02950119e-01 -7.08377033e-04  7.76196616e-02]
 [ 0.00000000e+00  0.00000000e+00  0.00000000e+00  1.00000000e+00]]   0.929023027420044
[[-0.47980506  0.8743591   0.07268606  0.27108151]
 [-0.24737214 -0.21429786  0.9449251  -0.05227674]
 [ 0.84178033  0.43539934  0.31911328  0.04986642]
 [ 0.          0.          0.          1.        ]]   0.9519240856170654
[[-0.81998948  0.38379403  0.42464031  0.22847499]
 [ 0.20511965 -0.4955759   0.84399671  0.01442594]
 [ 0.53436241  0.7791705   0.32764333  0.05488985]
 [ 0.          0.          0.          1.        ]]   0.804267168045044
[[-0.00725265  0.59289816 -0.80524479  0.34597605]
 [-0.92120246 -0.31723102 -0.22527874  0.03119878]
 [-0.38901598  0.74015961  0.54848001  0.03160917]
 [ 0.          0.          0.          1.        ]]   0.8990036249160767
[[-0.86969375  0.38046266  0.3144534   0.23114407]
 [ 0.07146779 -0.5332957   0.84290453  0.01137536]
 [ 0.48839035  0.75554209  0.43661311  0.05088585]
 [ 0.          0.          0.          1.        ]]   0.8233885169029236
[[ 0.00405078  0.52368861 -0.85190013  0.35424533]
 [-0.89003178 -0.38648291 -0.24181476  0.03087186]
 [-0.45588048  0.75919773  0.46453395  0.03736631]
 [ 0.          0.          0.          1.        ]]   0.8549091815948486
[[ 0.08136239  0.79791025 -0.5972599   0.32028293]
 [-0.9885344  -0.01187468 -0.15052818  0.02785094]
 [-0.12720025  0.60265929  0.78779558  0.00845273]
 [ 0.          0.          0.          1.        ]]   0.8443172574043274
[[ 0.45184117 -0.81198295 -0.36949053  0.34967968]
 [ 0.84956036  0.51802416 -0.09948953 -0.01044044]
 [ 0.27218883 -0.26895104  0.92389317 -0.00157547]
 [ 0.          0.          0.          1.        ]]   0.8141031265258789
[[-3.20827962e-01 -9.25072032e-01 -2.03251456e-01  3.42438913e-01]
 [ 5.75955061e-01 -2.01918383e-02 -8.17231948e-01  7.64761548e-02]
 [ 7.51894398e-01 -3.79254565e-01  5.39278025e-01 -3.15747203e-04]
 [ 0.00000000e+00  0.00000000e+00  0.00000000e+00  1.00000000e+00]]   0.8056216835975647
[[-0.45450646 -0.74663544  0.48575652  0.28358909]
 [-0.03682583  0.56062261  0.82725217 -0.08115793]
 [-0.88998187  0.35810307 -0.28230207  0.08340031]
 [ 0.          0.          0.          1.        ]]   0.8482066988945007
[[-0.1541122   0.54733702  0.82260052  0.23674225]
 [ 0.56018977 -0.63740233  0.52906114  0.03185191]
 [ 0.81390224  0.54234717 -0.20838113  0.08947653]
 [ 0.          0.          0.          1.        ]]   0.8785309791564941
[[ 0.7566774  -0.64839992  0.08376671  0.32043875]
 [ 0.30606942  0.46453481  0.8309807  -0.08712573]
 [-0.57772037 -0.60314589  0.54995838  0.0491488 ]
 [ 0.          0.          0.          1.        ]]   0.9485872983932495
[[-0.01734153  0.54948952 -0.83532062  0.34995155]
 [-0.89954038 -0.37329581 -0.22688621  0.03077078]
 [-0.43649328  0.74747007  0.50076153  0.03471889]
 [ 0.          0.          0.          1.        ]]   0.9861617088317871
[[ 0.84286519 -0.53701164 -0.03459447  0.32604343]
 [ 0.38130157  0.55063422  0.74257058 -0.0842356 ]
 [-0.37972014 -0.63907782  0.66887379  0.04210384]
 [ 0.          0.          0.          1.        ]]   0.9529337286949158
[[ 0.3832447   0.9087975  -0.16495638  0.26951869]
 [-0.92221444  0.38644091 -0.01356281  0.01487623]
 [ 0.05142004  0.15732303  0.98620761 -0.01406388]
 [ 0.          0.          0.          1.        ]]   0.8259140849113464
[[ 0.369671    0.90863915 -0.19421186  0.27233973]
 [-0.9275698   0.37311973 -0.01989818  0.01569606]
 [ 0.05438402  0.18750084  0.98075778 -0.01291194]
 [ 0.          0.          0.          1.        ]]   0.8397516012191772
[[ 0.63487348  0.32252083  0.70207975  0.26327556]
 [ 0.41861716 -0.90735587  0.03827519  0.04761338]
 [ 0.64938073  0.26960273 -0.71106894  0.12289266]
 [ 0.          0.          0.          1.        ]]   0.8094173669815063
[[-0.61921716 -0.78446756  0.03436205  0.30346385]
 [ 0.21208842 -0.20922532 -0.95459063  0.10844178]
 [ 0.75603479 -0.58381111  0.2959324   0.02402338]
 [ 0.          0.          0.          1.        ]]   0.9469324946403503
[[-0.70467039 -0.69660093  0.13485843  0.28442846]
 [ 0.09773396 -0.28354883 -0.95396443  0.12318382]
 [ 0.70277145 -0.65905024  0.26789003  0.03322273]
 [ 0.          0.          0.          1.        ]]   0.8769363164901733
[[ 0.8188166  -0.54799567 -0.17099745  0.33265877]
 [ 0.52260062  0.58832223  0.61706203 -0.07678916]
 [-0.23754572 -0.59462401  0.76811088  0.02699922]
 [ 0.          0.          0.          1.        ]]   0.9011167883872986
[[ 5.27544448e-01  6.63626731e-01  5.30373846e-01  1.97077914e-01]
 [-7.63543669e-01  6.44084440e-01 -4.64359789e-02  8.69901832e-04]
 [-3.72421699e-01 -3.80466550e-01  8.46491159e-01 -1.37940896e-02]
 [ 0.00000000e+00  0.00000000e+00  0.00000000e+00  1.00000000e+00]]   0.9171714782714844
[[ 0.66203198 -0.73498089  0.14668588  0.31413449]
 [ 0.2512003   0.40199802  0.88050894 -0.08754166]
 [-0.70612468 -0.54607754  0.45076297  0.05412816]
 [ 0.          0.          0.          1.        ]]   0.809516966342926
[[ 0.6346119   0.31381162  0.70625067  0.26144354]
 [ 0.43977296 -0.89810055  0.00389273  0.05033419]
 [ 0.63550569  0.30811957 -0.70795116  0.12429078]
 [ 0.          0.          0.          1.        ]]   0.8867558836936951
[[-0.30863503  0.57897203  0.75467596  0.23696835]
 [ 0.47276054 -0.5950981   0.64988901  0.02799218]
 [ 0.82537379  0.55735953 -0.09004701  0.08271097]
 [ 0.          0.          0.          1.        ]]   0.8364006280899048
[[ 0.26529551  0.53451126  0.80244377  0.16839568]
 [-0.75225461  0.63534383 -0.17450277  0.00407389]
 [-0.60310139 -0.55734723  0.57064242  0.0056938 ]
 [ 0.          0.          0.          1.        ]]   0.9607803821563721
[[ 0.43003803  0.90276735 -0.00885446  0.25427212]
 [-0.90216814  0.42934127 -0.04193701  0.01102721]
 [-0.03405778  0.02602272  0.99908102 -0.01821613]
 [ 0.          0.          0.          1.        ]]   0.863778293132782
[[ 3.72559456e-01  5.61360597e-01  7.38968018e-01  1.75386748e-01]
 [-7.52664755e-01  6.48592419e-01 -1.13241513e-01  1.06430052e-03]
 [-5.42858378e-01 -5.14005986e-01  6.64155576e-01  2.05014853e-04]
 [ 0.00000000e+00  0.00000000e+00  0.00000000e+00  1.00000000e+00]]   0.9239771962165833
[[-4.10294329e-01  5.43730963e-01  7.32130592e-01  2.32044536e-01]
 [ 4.41823394e-01 -5.83787456e-01  6.81163926e-01  2.79382933e-02]
 [ 7.97778573e-01  6.02950119e-01 -7.08377033e-04  7.76196616e-02]
 [ 0.00000000e+00  0.00000000e+00  0.00000000e+00  1.00000000e+00]]   0.929023027420044
[[-0.47980506  0.8743591   0.07268606  0.27108151]
 [-0.24737214 -0.21429786  0.9449251  -0.05227674]
 [ 0.84178033  0.43539934  0.31911328  0.04986642]
 [ 0.          0.          0.          1.        ]]   0.9519240856170654
[[-0.81998948  0.38379403  0.42464031  0.22847499]
 [ 0.20511965 -0.4955759   0.84399671  0.01442594]
 [ 0.53436241  0.7791705   0.32764333  0.05488985]
 [ 0.          0.          0.          1.        ]]   0.804267168045044
[[ 0.35703123  0.90950303 -0.21291533  0.27421228]
 [-0.93316273  0.35745385 -0.03786894  0.01695834]
 [ 0.04166549  0.21220504  0.97633652 -0.01216359]
 [ 0.          0.          0.          1.        ]]   0.8963735699653625
[[-0.00725265  0.59289816 -0.80524479  0.34597605]
 [-0.92120246 -0.31723102 -0.22527874  0.03119878]
 [-0.38901598  0.74015961  0.54848001  0.03160917]
 [ 0.          0.          0.          1.        ]]   0.8990036249160767
[[ 0.00405078  0.52368861 -0.85190013  0.35424533]
 [-0.89003178 -0.38648291 -0.24181476  0.03087186]
 [-0.45588048  0.75919773  0.46453395  0.03736631]
 [ 0.          0.          0.          1.        ]]   0.8549091815948486
[[ 0.2755222   0.90093294 -0.33527206  0.32583238]
 [ 0.44066194 -0.42833827 -0.78888743  0.09703227]
 [-0.85434453  0.06961437 -0.51502356  0.13434317]
 [ 0.          0.          0.          1.        ]]   0.8999101519584656
[[ 0.08136239  0.79791025 -0.5972599   0.32028293]
 [-0.9885344  -0.01187468 -0.15052818  0.02785094]
 [-0.12720025  0.60265929  0.78779558  0.00845273]
 [ 0.          0.          0.          1.        ]]   0.8443172574043274
[[-0.59865529 -0.80097382  0.00726587  0.30849837]
 [ 0.24387734 -0.19090146 -0.95083147  0.10414836]
 [ 0.76297817 -0.5674483   0.30962353  0.02100933]
 [ 0.          0.          0.          1.        ]]   0.8316147923469543
[[ 0.45184117 -0.81198295 -0.36949053  0.34967968]
 [ 0.84956036  0.51802416 -0.09948953 -0.01044044]
 [ 0.27218883 -0.26895104  0.92389317 -0.00157547]
 [ 0.          0.          0.          1.        ]]   0.8141031265258789
[[ 0.09918735  0.3324518  -0.93789001  0.37632397]
 [-0.80297515 -0.52993459 -0.27276406  0.02274211]
 [-0.58770126  0.78015712  0.21438773  0.05711579]
 [ 0.          0.          0.          1.        ]]   0.9072739481925964
[[ 0.26720881 -0.64264839  0.71805466  0.28182951]
 [-0.35348873  0.62783538  0.69344679 -0.07094062]
 [-0.89646259 -0.43911932 -0.05940582  0.06733256]
 [ 0.          0.          0.          1.        ]]   0.8659162521362305
[[-3.20827962e-01 -9.25072032e-01 -2.03251456e-01  3.42438913e-01]
 [ 5.75955061e-01 -2.01918383e-02 -8.17231948e-01  7.64761548e-02]
 [ 7.51894398e-01 -3.79254565e-01  5.39278025e-01 -3.15747203e-04]
 [ 0.00000000e+00  0.00000000e+00  0.00000000e+00  1.00000000e+00]]   0.8056216835975647
[[-0.45450646 -0.74663544  0.48575652  0.28358909]
 [-0.03682583  0.56062261  0.82725217 -0.08115793]
 [-0.88998187  0.35810307 -0.28230207  0.08340031]
 [ 0.          0.          0.          1.        ]]   0.8482066988945007
[[-0.1541122   0.54733702  0.82260052  0.23674225]
 [ 0.56018977 -0.63740233  0.52906114  0.03185191]
 [ 0.81390224  0.54234717 -0.20838113  0.08947653]
 [ 0.          0.          0.          1.        ]]   0.8785309791564941
[[ 0.7566774  -0.64839992  0.08376671  0.32043875]
 [ 0.30606942  0.46453481  0.8309807  -0.08712573]
 [-0.57772037 -0.60314589  0.54995838  0.0491488 ]
 [ 0.          0.          0.          1.        ]]   0.9485872983932495
[[-0.01734153  0.54948952 -0.83532062  0.34995155]
 [-0.89954038 -0.37329581 -0.22688621  0.03077078]
 [-0.43649328  0.74747007  0.50076153  0.03471889]
 [ 0.          0.          0.          1.        ]]   0.9861617088317871
[[-0.80540941 -0.50074276  0.31713147  0.25752129]
 [-0.06925357 -0.45187901 -0.88938704  0.13641027]
 [ 0.58865917 -0.73828318  0.32926938  0.03760026]
 [ 0.          0.          0.          1.        ]]   0.921669602394104
[[-0.385119    0.92056012  0.06521063  0.27329945]
 [-0.25940276 -0.17579216  0.94963536 -0.05547618]
 [ 0.88565996  0.3488068   0.30649674  0.05057851]
 [ 0.          0.          0.          1.        ]]   0.8703162670135498
[[ 0.369671    0.90863915 -0.19421186  0.27233973]
 [-0.9275698   0.37311973 -0.01989818  0.01569606]
 [ 0.05438402  0.18750084  0.98075778 -0.01291194]
 [ 0.          0.          0.          1.        ]]   0.8397516012191772
[[ 0.63487348  0.32252083  0.70207975  0.26327556]
 [ 0.41861716 -0.90735587  0.03827519  0.04761338]
 [ 0.64938073  0.26960273 -0.71106894  0.12289266]
 [ 0.          0.          0.          1.        ]]   0.8094173669815063
[[-0.61921716 -0.78446756  0.03436205  0.30346385]
 [ 0.21208842 -0.20922532 -0.95459063  0.10844178]
 [ 0.75603479 -0.58381111  0.2959324   0.02402338]
 [ 0.          0.          0.          1.        ]]   0.9469324946403503
[[-0.70467039 -0.69660093  0.13485843  0.28442846]
 [ 0.09773396 -0.28354883 -0.95396443  0.12318382]
 [ 0.70277145 -0.65905024  0.26789003  0.03322273]
 [ 0.          0.          0.          1.        ]]   0.8769363164901733
[[ 0.8188166  -0.54799567 -0.17099745  0.33265877]
 [ 0.52260062  0.58832223  0.61706203 -0.07678916]
 [-0.23754572 -0.59462401  0.76811088  0.02699922]
 [ 0.          0.          0.          1.        ]]   0.9011167883872986
[[ 0.66203198 -0.73498089  0.14668588  0.31413449]
 [ 0.2512003   0.40199802  0.88050894 -0.08754166]
 [-0.70612468 -0.54607754  0.45076297  0.05412816]
 [ 0.          0.          0.          1.        ]]   0.809516966342926
[[ 0.6346119   0.31381162  0.70625067  0.26144354]
 [ 0.43977296 -0.89810055  0.00389273  0.05033419]
 [ 0.63550569  0.30811957 -0.70795116  0.12429078]
 [ 0.          0.          0.          1.        ]]   0.8867558836936951
[[-0.30863503  0.57897203  0.75467596  0.23696835]
 [ 0.47276054 -0.5950981   0.64988901  0.02799218]
 [ 0.82537379  0.55735953 -0.09004701  0.08271097]
 [ 0.          0.          0.          1.        ]]   0.8364006280899048
[[ 0.26529551  0.53451126  0.80244377  0.16839568]
 [-0.75225461  0.63534383 -0.17450277  0.00407389]
 [-0.60310139 -0.55734723  0.57064242  0.0056938 ]
 [ 0.          0.          0.          1.        ]]   0.9607803821563721
[[-4.10294329e-01  5.43730963e-01  7.32130592e-01  2.32044536e-01]
 [ 4.41823394e-01 -5.83787456e-01  6.81163926e-01  2.79382933e-02]
 [ 7.97778573e-01  6.02950119e-01 -7.08377033e-04  7.76196616e-02]
 [ 0.00000000e+00  0.00000000e+00  0.00000000e+00  1.00000000e+00]]   0.929023027420044
[[-0.63547396  0.76960142  0.06234181  0.2637795 ]
 [-0.26940322 -0.2966677   0.91619331 -0.03927114]
 [ 0.72359848  0.5654219   0.3958577   0.04449489]
 [ 0.          0.          0.          1.        ]]   0.8469089865684509
[[-0.81998948  0.38379403  0.42464031  0.22847499]
 [ 0.20511965 -0.4955759   0.84399671  0.01442594]
 [ 0.53436241  0.7791705   0.32764333  0.05488985]
 [ 0.          0.          0.          1.        ]]   0.804267168045044
[[ 0.35703123  0.90950303 -0.21291533  0.27421228]
 [-0.93316273  0.35745385 -0.03786894  0.01695834]
 [ 0.04166549  0.21220504  0.97633652 -0.01216359]
 [ 0.          0.          0.          1.        ]]   0.8377861976623535
[[-0.00725265  0.59289816 -0.80524479  0.34597605]
 [-0.92120246 -0.31723102 -0.22527874  0.03119878]
 [-0.38901598  0.74015961  0.54848001  0.03160917]
