[[-0.71044157 -0.64027507 -0.29209693  0.34565756]
 [ 0.15349542  0.26408525 -0.95220698  0.11966301]
 [ 0.68681288 -0.72132297 -0.08933785  0.05088955]
 [ 0.          0.          0.          1.        ]]   0.9194777607917786
[[-0.73961565 -0.62971843 -0.23753608  0.33850167]
 [ 0.12122201  0.22252122 -0.96736215  0.12528921]
 [ 0.66202259 -0.74427079 -0.08824444  0.05187958]
 [ 0.          0.          0.          1.        ]]   0.931373655796051
[[ 0.2365525   0.87976869 -0.41237115  0.29161414]
 [-0.93228297  0.32505881  0.15869854 -0.00707604]
 [ 0.27366288  0.34690607  0.89708685 -0.03299374]
 [ 0.          0.          0.          1.        ]]   0.8286076784133911
[[-0.15937515  0.9850751  -0.06501238  0.323882  ]
 [ 0.92441823  0.1258001  -0.36003511  0.0640484 ]
 [-0.34648305 -0.11747928 -0.93067079  0.16539201]
 [ 0.          0.          0.          1.        ]]   0.9119053483009338
[[-0.50977149 -0.84968564  0.13478627  0.2835044 ]
 [-0.34552426  0.34569047  0.87241681 -0.0895746 ]
 [-0.78787436  0.39816129 -0.46981015  0.0820327 ]
 [ 0.          0.          0.          1.        ]]   0.9868292212486267
[[-0.03318679  0.55360153  0.83212017  0.18523519]
 [-0.84682561  0.42662968 -0.31760589  0.04268509]
 [-0.53083427 -0.71520099  0.45464549  0.01124861]
 [ 0.          0.          0.          1.        ]]   0.8591641187667847
[[ 0.86311399 -0.43284692  0.26014955  0.30327636]
 [-0.09706242 -0.64771944 -0.75567083  0.09018234]
 [ 0.49559372  0.62697932 -0.60106888  0.12148835]
 [ 0.          0.          0.          1.        ]]   0.8125326037406921
[[-0.74706779 -0.62347089 -0.23059436  0.33666411]
 [ 0.11777     0.21726679 -0.96898161  0.12661592]
 [ 0.65423233 -0.75105205 -0.08888686  0.0518569 ]
 [ 0.          0.          0.          1.        ]]   0.9240519404411316
[[-0.04447174 -0.99421809 -0.09773769  0.31357864]
 [-0.38750247 -0.07300753  0.9189732  -0.1002353 ]
 [-0.92079536  0.07874193 -0.38201519  0.06053876]
 [ 0.          0.          0.          1.        ]]   0.9668430685997009
[[-0.78393119 -0.59958012 -0.16110731  0.32644731]
 [ 0.07622905  0.16457668 -0.98341428  0.13425509]
 [ 0.61615016 -0.78321018 -0.08331137  0.05155857]
 [ 0.          0.          0.          1.        ]]   0.8088018298149109
[[-0.27827567  0.72930182  0.6250452   0.21840894]
 [-0.63553337  0.34812358 -0.68913519  0.08894548]
 [-0.72018052 -0.58900664  0.36662132  0.01890813]
 [ 0.          0.          0.          1.        ]]   0.9403278231620789
[[ 0.58373673  0.77165969 -0.25257228  0.34195744]
 [ 0.19381615 -0.43450748 -0.87956725  0.12591157]
 [-0.78847114  0.46448312 -0.40319809  0.09486519]
 [ 0.          0.          0.          1.        ]]   0.8313393592834473
[[ 0.57165479  0.77440488 -0.27112336  0.34405394]
 [ 0.19975283 -0.45185111 -0.869442    0.12494761]
 [-0.79580752  0.44286303 -0.41299241  0.09610462]
 [ 0.          0.          0.          1.        ]]   0.815531849861145
[[ 0.81550774 -0.47510594  0.33048672  0.29456338]
 [-0.15928809 -0.73324245 -0.66104676  0.08279266]
 [ 0.55639413  0.48644615 -0.67364361  0.13310496]
 [ 0.          0.          0.          1.        ]]   0.939754843711853
[[ 2.20377810e-01  5.85099218e-01  7.80443800e-01  1.76051095e-01]
 [-9.36023307e-01  3.51937717e-01  4.61638964e-04  2.65785205e-03]
 [-2.74397505e-01 -7.30615321e-01  6.25225768e-01 -3.00565426e-03]
 [ 0.00000000e+00  0.00000000e+00  0.00000000e+00  1.00000000e+00]]   0.873652994632721
[[ 0.78122936  0.25907497 -0.5679444   0.36970951]
 [ 0.54755838  0.15250195  0.82275329 -0.08440263]
 [ 0.29976741 -0.95374175 -0.02271966  0.02925498]
 [ 0.          0.          0.          1.        ]]   0.8608585000038147
[[ 0.83572781 -0.45130745  0.31285876  0.29780983]
 [-0.12288909 -0.7089738  -0.6944454   0.08656777]
 [ 0.53521705  0.54192041 -0.64796989  0.12809832]
 [ 0.          0.          0.          1.        ]]   0.800593376159668
[[-0.76176843 -0.61795562 -0.19452429  0.33282484]
 [ 0.09684397  0.18826911 -0.97733105  0.12966425]
 [ 0.64057014 -0.76333845 -0.08357219  0.05245222]
 [ 0.          0.          0.          1.        ]]   0.8466371893882751
[[-0.37617098  0.8972202  -0.23128186  0.28231865]
 [ 0.21049808  0.32584411  0.92169202 -0.09223764]
 [ 0.90232253  0.2980294  -0.31143622  0.07239086]
 [ 0.          0.          0.          1.        ]]   0.8289300799369812
[[-0.71044157 -0.64027507 -0.29209693  0.34565756]
 [ 0.15349542  0.26408525 -0.95220698  0.11966301]
 [ 0.68681288 -0.72132297 -0.08933785  0.05088955]
 [ 0.          0.          0.          1.        ]]   0.9194777607917786
[[ 0.1225545  -0.15884892 -0.97966699  0.40592406]
 [ 0.70433754  0.70935506 -0.02690766  0.01267485]
 [ 0.69920599 -0.68671859  0.19881791  0.0116622 ]
 [ 0.          0.          0.          1.        ]]   0.8819871544837952
[[-0.15937515  0.9850751  -0.06501238  0.323882  ]
 [ 0.92441823  0.1258001  -0.36003511  0.0640484 ]
 [-0.34648305 -0.11747928 -0.93067079  0.16539201]
 [ 0.          0.          0.          1.        ]]   0.9119053483009338
[[-0.50977149 -0.84968564  0.13478627  0.2835044 ]
 [-0.34552426  0.34569047  0.87241681 -0.0895746 ]
 [-0.78787436  0.39816129 -0.46981015  0.0820327 ]
 [ 0.          0.          0.          1.        ]]   0.9868292212486267
[[-0.74706779 -0.62347089 -0.23059436  0.33666411]
 [ 0.11777     0.21726679 -0.96898161  0.12661592]
 [ 0.65423233 -0.75105205 -0.08888686  0.0518569 ]
 [ 0.          0.          0.          1.        ]]   0.9240519404411316
[[-0.04447174 -0.99421809 -0.09773769  0.31357864]
 [-0.38750247 -0.07300753  0.9189732  -0.1002353 ]
 [-0.92079536  0.07874193 -0.38201519  0.06053876]
 [ 0.          0.          0.          1.        ]]   0.9668430685997009
[[-0.78393119 -0.59958012 -0.16110731  0.32644731]
 [ 0.07622905  0.16457668 -0.98341428  0.13425509]
 [ 0.61615016 -0.78321018 -0.08331137  0.05155857]
 [ 0.          0.          0.          1.        ]]   0.9520452618598938
[[-0.27827567  0.72930182  0.6250452   0.21840894]
 [-0.63553337  0.34812358 -0.68913519  0.08894548]
 [-0.72018052 -0.58900664  0.36662132  0.01890813]
 [ 0.          0.          0.          1.        ]]   0.9487966299057007
[[ 0.58373673  0.77165969 -0.25257228  0.34195744]
 [ 0.19381615 -0.43450748 -0.87956725  0.12591157]
 [-0.78847114  0.46448312 -0.40319809  0.09486519]
 [ 0.          0.          0.          1.        ]]   0.8313393592834473
[[ 0.55203859 -0.11999629  0.82513895  0.2313465 ]
 [ 0.22367817 -0.93200759 -0.28518401  0.01633199]
 [ 0.80325679  0.34199815 -0.48766361  0.12764301]
 [ 0.          0.          0.          1.        ]]   0.8417016267776489
[[ 0.57165479  0.77440488 -0.27112336  0.34405394]
 [ 0.19975283 -0.45185111 -0.869442    0.12494761]
 [-0.79580752  0.44286303 -0.41299241  0.09610462]
 [ 0.          0.          0.          1.        ]]   0.815531849861145
[[ 0.81550774 -0.47510594  0.33048672  0.29456338]
 [-0.15928809 -0.73324245 -0.66104676  0.08279266]
 [ 0.55639413  0.48644615 -0.67364361  0.13310496]
 [ 0.          0.          0.          1.        ]]   0.939754843711853
[[ 0.78122936  0.25907497 -0.5679444   0.36970951]
 [ 0.54755838  0.15250195  0.82275329 -0.08440263]
 [ 0.29976741 -0.95374175 -0.02271966  0.02925498]
 [ 0.          0.          0.          1.        ]]   0.8608585000038147
[[ 0.83572781 -0.45130745  0.31285876  0.29780983]
 [-0.12288909 -0.7089738  -0.6944454   0.08656777]
 [ 0.53521705  0.54192041 -0.64796989  0.12809832]
 [ 0.          0.          0.          1.        ]]   0.800593376159668
[[-0.76176843 -0.61795562 -0.19452429  0.33282484]
 [ 0.09684397  0.18826911 -0.97733105  0.12966425]
 [ 0.64057014 -0.76333845 -0.08357219  0.05245222]
 [ 0.          0.          0.          1.        ]]   0.8466371893882751
[[-0.37617098  0.8972202  -0.23128186  0.28231865]
 [ 0.21049808  0.32584411  0.92169202 -0.09223764]
 [ 0.90232253  0.2980294  -0.31143622  0.07239086]
 [ 0.          0.          0.          1.        ]]   0.8289300799369812
[[-0.71044157 -0.64027507 -0.29209693  0.34565756]
 [ 0.15349542  0.26408525 -0.95220698  0.11966301]
 [ 0.68681288 -0.72132297 -0.08933785  0.05088955]
 [ 0.          0.          0.          1.        ]]   0.9194777607917786
[[ 0.1225545  -0.15884892 -0.97966699  0.40592406]
 [ 0.70433754  0.70935506 -0.02690766  0.01267485]
 [ 0.69920599 -0.68671859  0.19881791  0.0116622 ]
 [ 0.          0.          0.          1.        ]]   0.8819871544837952
[[ 0.2365525   0.87976869 -0.41237115  0.29161414]
 [-0.93228297  0.32505881  0.15869854 -0.00707604]
 [ 0.27366288  0.34690607  0.89708685 -0.03299374]
 [ 0.          0.          0.          1.        ]]   0.8570816516876221
[[-0.73755848 -0.63345384 -0.23397377  0.33904129]
 [ 0.11960946  0.21845631 -0.96848873  0.12503373]
 [ 0.66460595 -0.74230255 -0.08535723  0.05199132]
 [ 0.          0.          0.          1.        ]]   0.8634231090545654
[[ 0.4101507   0.9097428   0.06437727  0.22645064]
 [-0.89977717  0.39211045  0.19144304 -0.01099731]
 [ 0.14892093 -0.1364457   0.97939018 -0.03091027]
 [ 0.          0.          0.          1.        ]]   0.8625161647796631
[[-0.15937515  0.9850751  -0.06501238  0.323882  ]
 [ 0.92441823  0.1258001  -0.36003511  0.0640484 ]
 [-0.34648305 -0.11747928 -0.93067079  0.16539201]
 [ 0.          0.          0.          1.        ]]   0.9119053483009338
[[-0.50977149 -0.84968564  0.13478627  0.2835044 ]
 [-0.34552426  0.34569047  0.87241681 -0.0895746 ]
 [-0.78787436  0.39816129 -0.46981015  0.0820327 ]
 [ 0.          0.          0.          1.        ]]   0.9868292212486267
[[-0.74706779 -0.62347089 -0.23059436  0.33666411]
 [ 0.11777     0.21726679 -0.96898161  0.12661592]
 [ 0.65423233 -0.75105205 -0.08888686  0.0518569 ]
 [ 0.          0.          0.          1.        ]]   0.9921471476554871
[[-0.65300931  0.70283764  0.28213132  0.23342131]
 [ 0.18228652 -0.21571309  0.95929114 -0.07756184]
 [ 0.73508534  0.67785478  0.01274483  0.04077014]
 [ 0.          0.          0.          1.        ]]   0.8701151609420776
[[-0.78393119 -0.59958012 -0.16110731  0.32644731]
 [ 0.07622905  0.16457668 -0.98341428  0.13425509]
 [ 0.61615016 -0.78321018 -0.08331137  0.05155857]
 [ 0.          0.          0.          1.        ]]   0.9520452618598938
[[-0.27827567  0.72930182  0.6250452   0.21840894]
 [-0.63553337  0.34812358 -0.68913519  0.08894548]
 [-0.72018052 -0.58900664  0.36662132  0.01890813]
 [ 0.          0.          0.          1.        ]]   0.9487966299057007
[[ 0.58373673  0.77165969 -0.25257228  0.34195744]
 [ 0.19381615 -0.43450748 -0.87956725  0.12591157]
 [-0.78847114  0.46448312 -0.40319809  0.09486519]
 [ 0.          0.          0.          1.        ]]   0.8313393592834473
[[-2.44295405e-01 -9.69700465e-01 -8.73840557e-04  3.03519978e-01]
 [-4.00997941e-01  1.00202335e-01  9.10582310e-01 -9.64566405e-02]
 [-8.82904529e-01  2.22801482e-01 -4.13326860e-01  6.63423159e-02]
 [ 0.00000000e+00  0.00000000e+00  0.00000000e+00  1.00000000e+00]]   0.9531657695770264
[[ 0.55203859 -0.11999629  0.82513895  0.2313465 ]
 [ 0.22367817 -0.93200759 -0.28518401  0.01633199]
 [ 0.80325679  0.34199815 -0.48766361  0.12764301]
 [ 0.          0.          0.          1.        ]]   0.8816848397254944
[[ 0.27102587  0.88008406 -0.38986796  0.28459231]
 [-0.91544487  0.36084845  0.17818272 -0.0091146 ]
 [ 0.29749902  0.3086105   0.90346771 -0.03566136]
 [ 0.          0.          0.          1.        ]]   0.8036289811134338
[[-0.79634176 -0.56122629  0.22553238  0.27980562]
 [-0.12186095 -0.21635755 -0.96867916  0.15071858]
 [ 0.59244384 -0.79888326  0.10390298  0.04088438]
 [ 0.          0.          0.          1.        ]]   0.8201565742492676
[[ 0.78122936  0.25907497 -0.5679444   0.36970951]
 [ 0.54755838  0.15250195  0.82275329 -0.08440263]
 [ 0.29976741 -0.95374175 -0.02271966  0.02925498]
 [ 0.          0.          0.          1.        ]]   0.8608585000038147
[[ 0.83572781 -0.45130745  0.31285876  0.29780983]
 [-0.12288909 -0.7089738  -0.6944454   0.08656777]
 [ 0.53521705  0.54192041 -0.64796989  0.12809832]
 [ 0.          0.          0.          1.        ]]   0.800593376159668
[[-0.76176843 -0.61795562 -0.19452429  0.33282484]
 [ 0.09684397  0.18826911 -0.97733105  0.12966425]
 [ 0.64057014 -0.76333845 -0.08357219  0.05245222]
 [ 0.          0.          0.          1.        ]]   0.8466371893882751
[[-0.37617098  0.8972202  -0.23128186  0.28231865]
 [ 0.21049808  0.32584411  0.92169202 -0.09223764]
 [ 0.90232253  0.2980294  -0.31143622  0.07239086]
 [ 0.          0.          0.          1.        ]]   0.8016631007194519
[[ 0.1225545  -0.15884892 -0.97966699  0.40592406]
 [ 0.70433754  0.70935506 -0.02690766  0.01267485]
 [ 0.69920599 -0.68671859  0.19881791  0.0116622 ]
 [ 0.          0.          0.          1.        ]]   0.8819871544837952
[[ 0.2365525   0.87976869 -0.41237115  0.29161414]
 [-0.93228297  0.32505881  0.15869854 -0.00707604]
 [ 0.27366288  0.34690607  0.89708685 -0.03299374]
 [ 0.          0.          0.          1.        ]]   0.8570816516876221
[[-0.62895116  0.75984502  0.16448702  0.24349321]
 [ 0.13645451 -0.10039715  0.98554583 -0.084549  ]
 [ 0.76537612  0.64230519 -0.04053938  0.04543232]
 [ 0.          0.          0.          1.        ]]   0.8004307746887207
[[-0.81010935 -0.56345745  0.16198318  0.3118626 ]
 [-0.57013401  0.82152735  0.00632666  0.01844513]
 [-0.13663841 -0.08722684 -0.98677324  0.15925413]
 [ 0.          0.          0.          1.        ]]   0.8570199608802795
[[-0.73755848 -0.63345384 -0.23397377  0.33904129]
 [ 0.11960946  0.21845631 -0.96848873  0.12503373]
 [ 0.66460595 -0.74230255 -0.08535723  0.05199132]
 [ 0.          0.          0.          1.        ]]   0.8634231090545654
[[ 0.4101507   0.9097428   0.06437727  0.22645064]
 [-0.89977717  0.39211045  0.19144304 -0.01099731]
 [ 0.14892093 -0.1364457   0.97939018 -0.03091027]
 [ 0.          0.          0.          1.        ]]   0.8625161647796631
[[-0.15937515  0.9850751  -0.06501238  0.323882  ]
 [ 0.92441823  0.1258001  -0.36003511  0.0640484 ]
 [-0.34648305 -0.11747928 -0.93067079  0.16539201]
 [ 0.          0.          0.          1.        ]]   0.9119053483009338
[[-0.50977149 -0.84968564  0.13478627  0.2835044 ]
 [-0.34552426  0.34569047  0.87241681 -0.0895746 ]
 [-0.78787436  0.39816129 -0.46981015  0.0820327 ]
 [ 0.          0.          0.          1.        ]]   0.9868292212486267
[[-0.2580862   0.69668908  0.66933985  0.21128937]
 [-0.65516421  0.38296166 -0.65122978  0.08241797]
 [-0.71003618 -0.60660093  0.35760863  0.019669  ]
 [ 0.          0.          0.          1.        ]]   0.8731886148452759
[[-0.74706779 -0.62347089 -0.23059436  0.33666411]
 [ 0.11777     0.21726679 -0.96898161  0.12661592]
 [ 0.65423233 -0.75105205 -0.08888686  0.0518569 ]
 [ 0.          0.          0.          1.        ]]   0.8228804469108582
[[ 0.72633605  0.6566202  -0.20318922  0.33899167]
 [ 0.2548685  -0.53183392 -0.80758574  0.13037363]
 [-0.63834003  0.53479211 -0.55364195  0.11168502]
 [ 0.          0.          0.          1.        ]]   0.9084120988845825
[[-0.65300931  0.70283764  0.28213132  0.23342131]
 [ 0.18228652 -0.21571309  0.95929114 -0.07756184]
 [ 0.73508534  0.67785478  0.01274483  0.04077014]
 [ 0.          0.          0.          1.        ]]   0.8916183114051819
[[ 0.58373673  0.77165969 -0.25257228  0.34195744]
 [ 0.19381615 -0.43450748 -0.87956725  0.12591157]
 [-0.78847114  0.46448312 -0.40319809  0.09486519]
 [ 0.          0.          0.          1.        ]]   0.8313393592834473
[[-2.44295405e-01 -9.69700465e-01 -8.73840557e-04  3.03519978e-01]
 [-4.00997941e-01  1.00202335e-01  9.10582310e-01 -9.64566405e-02]
 [-8.82904529e-01  2.22801482e-01 -4.13326860e-01  6.63423159e-02]
 [ 0.00000000e+00  0.00000000e+00  0.00000000e+00  1.00000000e+00]]   0.8376684784889221
[[ 0.55203859 -0.11999629  0.82513895  0.2313465 ]
 [ 0.22367817 -0.93200759 -0.28518401  0.01633199]
 [ 0.80325679  0.34199815 -0.48766361  0.12764301]
 [ 0.          0.          0.          1.        ]]   0.8816848397254944
[[ 0.27102587  0.88008406 -0.38986796  0.28459231]
 [-0.91544487  0.36084845  0.17818272 -0.0091146 ]
 [ 0.29749902  0.3086105   0.90346771 -0.03566136]
 [ 0.          0.          0.          1.        ]]   0.8613595962524414
[[-0.79634176 -0.56122629  0.22553238  0.27980562]
 [-0.12186095 -0.21635755 -0.96867916  0.15071858]
 [ 0.59244384 -0.79888326  0.10390298  0.04088438]
 [ 0.          0.          0.          1.        ]]   0.9413275122642517
[[ 0.78122936  0.25907497 -0.5679444   0.36970951]
 [ 0.54755838  0.15250195  0.82275329 -0.08440263]
 [ 0.29976741 -0.95374175 -0.02271966  0.02925498]
 [ 0.          0.          0.          1.        ]]   0.8608585000038147
[[ 0.83572781 -0.45130745  0.31285876  0.29780983]
 [-0.12288909 -0.7089738  -0.6944454   0.08656777]
 [ 0.53521705  0.54192041 -0.64796989  0.12809832]
 [ 0.          0.          0.          1.        ]]   0.800593376159668
[[ 0.1225545  -0.15884892 -0.97966699  0.40592406]
 [ 0.70433754  0.70935506 -0.02690766  0.01267485]
 [ 0.69920599 -0.68671859  0.19881791  0.0116622 ]
 [ 0.          0.          0.          1.        ]]   0.8819871544837952
[[-0.23889686  0.69001728  0.68323089  0.20811997]
 [-0.67870821  0.38454733 -0.62568244  0.07970232]
 [-0.69446631 -0.61318799  0.37645324  0.01861289]
 [ 0.          0.          0.          1.        ]]   0.8467754125595093
[[-0.62895116  0.75984502  0.16448702  0.24349321]
 [ 0.13645451 -0.10039715  0.98554583 -0.084549  ]
 [ 0.76537612  0.64230519 -0.04053938  0.04543232]
 [ 0.          0.          0.          1.        ]]   0.8004307746887207
[[-0.81010935 -0.56345745  0.16198318  0.3118626 ]
 [-0.57013401  0.82152735  0.00632666  0.01844513]
 [-0.13663841 -0.08722684 -0.98677324  0.15925413]
 [ 0.          0.          0.          1.        ]]   0.8570199608802795
[[-0.73755848 -0.63345384 -0.23397377  0.33904129]
 [ 0.11960946  0.21845631 -0.96848873  0.12503373]
 [ 0.66460595 -0.74230255 -0.08535723  0.05199132]
 [ 0.          0.          0.          1.        ]]   0.8634231090545654
[[ 0.4101507   0.9097428   0.06437727  0.22645064]
 [-0.89977717  0.39211045  0.19144304 -0.01099731]
 [ 0.14892093 -0.1364457   0.97939018 -0.03091027]
 [ 0.          0.          0.          1.        ]]   0.8625161647796631
[[-0.15937515  0.9850751  -0.06501238  0.323882  ]
 [ 0.92441823  0.1258001  -0.36003511  0.0640484 ]
 [-0.34648305 -0.11747928 -0.93067079  0.16539201]
 [ 0.          0.          0.          1.        ]]   0.9119053483009338
[[-0.50977149 -0.84968564  0.13478627  0.2835044 ]
 [-0.34552426  0.34569047  0.87241681 -0.0895746 ]
 [-0.78787436  0.39816129 -0.46981015  0.0820327 ]
 [ 0.          0.          0.          1.        ]]   0.9868292212486267
[[-0.74706779 -0.62347089 -0.23059436  0.33666411]
 [ 0.11777     0.21726679 -0.96898161  0.12661592]
 [ 0.65423233 -0.75105205 -0.08888686  0.0518569 ]
 [ 0.          0.          0.          1.        ]]   0.8228804469108582
[[ 0.72633605  0.6566202  -0.20318922  0.33899167]
 [ 0.2548685  -0.53183392 -0.80758574  0.13037363]
 [-0.63834003  0.53479211 -0.55364195  0.11168502]
 [ 0.          0.          0.          1.        ]]   0.9084120988845825
[[-0.65300931  0.70283764  0.28213132  0.23342131]
 [ 0.18228652 -0.21571309  0.95929114 -0.07756184]
 [ 0.73508534  0.67785478  0.01274483  0.04077014]
 [ 0.          0.          0.          1.        ]]   0.8916183114051819
[[-0.27827567  0.72930182  0.6250452   0.21840894]
 [-0.63553337  0.34812358 -0.68913519  0.08894548]
 [-0.72018052 -0.58900664  0.36662132  0.01890813]
 [ 0.          0.          0.          1.        ]]   0.9415045976638794
[[ 0.58373673  0.77165969 -0.25257228  0.34195744]
 [ 0.19381615 -0.43450748 -0.87956725  0.12591157]
 [-0.78847114  0.46448312 -0.40319809  0.09486519]
 [ 0.          0.          0.          1.        ]]   0.8313393592834473
[[ 0.36629665  0.10693092 -0.92433357  0.4045098 ]
 [ 0.66691465  0.6625622   0.34093427 -0.03210991]
 [ 0.6488849  -0.74133468  0.17138052  0.01035724]
 [ 0.          0.          0.          1.        ]]   0.8041894435882568
[[-2.44295405e-01 -9.69700465e-01 -8.73840557e-04  3.03519978e-01]
 [-4.00997941e-01  1.00202335e-01  9.10582310e-01 -9.64566405e-02]
 [-8.82904529e-01  2.22801482e-01 -4.13326860e-01  6.63423159e-02]
 [ 0.00000000e+00  0.00000000e+00  0.00000000e+00  1.00000000e+00]]   0.8376684784889221
[[ 0.55203859 -0.11999629  0.82513895  0.2313465 ]
 [ 0.22367817 -0.93200759 -0.28518401  0.01633199]
 [ 0.80325679  0.34199815 -0.48766361  0.12764301]
 [ 0.          0.          0.          1.        ]]   0.8816848397254944
[[ 0.27102587  0.88008406 -0.38986796  0.28459231]
 [-0.91544487  0.36084845  0.17818272 -0.0091146 ]
 [ 0.29749902  0.3086105   0.90346771 -0.03566136]
 [ 0.          0.          0.          1.        ]]   0.8613595962524414
[[ 0.78122936  0.25907497 -0.5679444   0.36970951]
 [ 0.54755838  0.15250195  0.82275329 -0.08440263]
 [ 0.29976741 -0.95374175 -0.02271966  0.02925498]
 [ 0.          0.          0.          1.        ]]   0.8608585000038147
[[ 0.83572781 -0.45130745  0.31285876  0.29780983]
 [-0.12288909 -0.7089738  -0.6944454   0.08656777]
 [ 0.53521705  0.54192041 -0.64796989  0.12809832]
 [ 0.          0.          0.          1.        ]]   0.800593376159668
[[ 0.1225545  -0.15884892 -0.97966699  0.40592406]
 [ 0.70433754  0.70935506 -0.02690766  0.01267485]
 [ 0.69920599 -0.68671859  0.19881791  0.0116622 ]
 [ 0.          0.          0.          1.        ]]   0.8819871544837952
[[-0.73961565 -0.62971843 -0.23753608  0.33850167]
 [ 0.12122201  0.22252122 -0.96736215  0.12528921]
 [ 0.66202259 -0.74427079 -0.08824444  0.05187958]
 [ 0.          0.          0.          1.        ]]   0.8608281016349792
[[-0.23889686  0.69001728  0.68323089  0.20811997]
 [-0.67870821  0.38454733 -0.62568244  0.07970232]
 [-0.69446631 -0.61318799  0.37645324  0.01861289]
 [ 0.          0.          0.          1.        ]]   0.8467754125595093
[[-0.62895116  0.75984502  0.16448702  0.24349321]
 [ 0.13645451 -0.10039715  0.98554583 -0.084549  ]
 [ 0.76537612  0.64230519 -0.04053938  0.04543232]
 [ 0.          0.          0.          1.        ]]   0.8004307746887207
[[ 0.13164895  0.03748887  0.99058727  0.20728667]
 [ 0.40832321 -0.91262422 -0.01972776 -0.00908367]
 [ 0.90329436  0.40707692 -0.1354536   0.1014362 ]
 [ 0.          0.          0.          1.        ]]   0.8271378874778748
[[-0.73755848 -0.63345384 -0.23397377  0.33904129]
 [ 0.11960946  0.21845631 -0.96848873  0.12503373]
 [ 0.66460595 -0.74230255 -0.08535723  0.05199132]
 [ 0.          0.          0.          1.        ]]   0.8634231090545654
[[ 0.4101507   0.9097428   0.06437727  0.22645064]
 [-0.89977717  0.39211045  0.19144304 -0.01099731]
 [ 0.14892093 -0.1364457   0.97939018 -0.03091027]
 [ 0.          0.          0.          1.        ]]   0.8625161647796631
[[-0.15937515  0.9850751  -0.06501238  0.323882  ]
 [ 0.92441823  0.1258001  -0.36003511  0.0640484 ]
 [-0.34648305 -0.11747928 -0.93067079  0.16539201]
 [ 0.          0.          0.          1.        ]]   0.9119053483009338
[[-0.50977149 -0.84968564  0.13478627  0.2835044 ]
 [-0.34552426  0.34569047  0.87241681 -0.0895746 ]
 [-0.78787436  0.39816129 -0.46981015  0.0820327 ]
 [ 0.          0.          0.          1.        ]]   0.9868292212486267
[[-0.74706779 -0.62347089 -0.23059436  0.33666411]
 [ 0.11777     0.21726679 -0.96898161  0.12661592]
 [ 0.65423233 -0.75105205 -0.08888686  0.0518569 ]
 [ 0.          0.          0.          1.        ]]   0.8228804469108582
[[-0.65300931  0.70283764  0.28213132  0.23342131]
 [ 0.18228652 -0.21571309  0.95929114 -0.07756184]
 [ 0.73508534  0.67785478  0.01274483  0.04077014]
 [ 0.          0.          0.          1.        ]]   0.8916183114051819
[[-0.27827567  0.72930182  0.6250452   0.21840894]
 [-0.63553337  0.34812358 -0.68913519  0.08894548]
 [-0.72018052 -0.58900664  0.36662132  0.01890813]
 [ 0.          0.          0.          1.        ]]   0.8644216656684875
[[-2.44295405e-01 -9.69700465e-01 -8.73840557e-04  3.03519978e-01]
 [-4.00997941e-01  1.00202335e-01  9.10582310e-01 -9.64566405e-02]
 [-8.82904529e-01  2.22801482e-01 -4.13326860e-01  6.63423159e-02]
 [ 0.00000000e+00  0.00000000e+00  0.00000000e+00  1.00000000e+00]]   0.8376684784889221
[[ 0.27102587  0.88008406 -0.38986796  0.28459231]
 [-0.91544487  0.36084845  0.17818272 -0.0091146 ]
 [ 0.29749902  0.3086105   0.90346771 -0.03566136]
 [ 0.          0.          0.          1.        ]]   0.8613595962524414
[[ 0.57165479  0.77440488 -0.27112336  0.34405394]
 [ 0.19975283 -0.45185111 -0.869442    0.12494761]
 [-0.79580752  0.44286303 -0.41299241  0.09610462]
 [ 0.          0.          0.          1.        ]]   0.9049805998802185
[[ 2.20377810e-01  5.85099218e-01  7.80443800e-01  1.76051095e-01]
 [-9.36023307e-01  3.51937717e-01  4.61638964e-04  2.65785205e-03]
 [-2.74397505e-01 -7.30615321e-01  6.25225768e-01 -3.00565426e-03]
 [ 0.00000000e+00  0.00000000e+00  0.00000000e+00  1.00000000e+00]]   0.8104062080383301
[[ 0.78122936  0.25907497 -0.5679444   0.36970951]
 [ 0.54755838  0.15250195  0.82275329 -0.08440263]
 [ 0.29976741 -0.95374175 -0.02271966  0.02925498]
 [ 0.          0.          0.          1.        ]]   0.8608585000038147
[[ 0.1225545  -0.15884892 -0.97966699  0.40592406]
 [ 0.70433754  0.70935506 -0.02690766  0.01267485]
 [ 0.69920599 -0.68671859  0.19881791  0.0116622 ]
 [ 0.          0.          0.          1.        ]]   0.8819871544837952
[[-0.73961565 -0.62971843 -0.23753608  0.33850167]
 [ 0.12122201  0.22252122 -0.96736215  0.12528921]
 [ 0.66202259 -0.74427079 -0.08824444  0.05187958]
 [ 0.          0.          0.          1.        ]]   0.8608281016349792
[[-0.23889686  0.69001728  0.68323089  0.20811997]
 [-0.67870821  0.38454733 -0.62568244  0.07970232]
 [-0.69446631 -0.61318799  0.37645324  0.01861289]
 [ 0.          0.          0.          1.        ]]   0.8467754125595093
[[-0.62895116  0.75984502  0.16448702  0.24349321]
 [ 0.13645451 -0.10039715  0.98554583 -0.084549  ]
 [ 0.76537612  0.64230519 -0.04053938  0.04543232]
 [ 0.          0.          0.          1.        ]]   0.8004307746887207
[[-0.58044351  0.63186193  0.51364952  0.25553807]
 [-0.43125644  0.2965285  -0.8521084   0.10967413]
 [-0.69072659 -0.71611545  0.10037648  0.05712061]
 [ 0.          0.          0.          1.        ]]   0.9672116041183472
[[ 0.13164895  0.03748887  0.99058727  0.20728667]
 [ 0.40832321 -0.91262422 -0.01972776 -0.00908367]
 [ 0.90329436  0.40707692 -0.1354536   0.1014362 ]
 [ 0.          0.          0.          1.        ]]   0.8271378874778748
[[-0.73755848 -0.63345384 -0.23397377  0.33904129]
 [ 0.11960946  0.21845631 -0.96848873  0.12503373]
 [ 0.66460595 -0.74230255 -0.08535723  0.05199132]
 [ 0.          0.          0.          1.        ]]   0.8634231090545654
[[ 0.4101507   0.9097428   0.06437727  0.22645064]
 [-0.89977717  0.39211045  0.19144304 -0.01099731]
 [ 0.14892093 -0.1364457   0.97939018 -0.03091027]
 [ 0.          0.          0.          1.        ]]   0.8625161647796631
[[-0.50977149 -0.84968564  0.13478627  0.2835044 ]
 [-0.34552426  0.34569047  0.87241681 -0.0895746 ]
 [-0.78787436  0.39816129 -0.46981015  0.0820327 ]
 [ 0.          0.          0.          1.        ]]   0.9868292212486267
[[ 0.33449857  0.67881477  0.65369811  0.1812523 ]
 [-0.93134384  0.34403974  0.11931184 -0.00725725]
 [-0.14390749 -0.64872734  0.74729076 -0.01430063]
 [ 0.          0.          0.          1.        ]]   0.9152341485023499
[[-0.85312823 -0.51660623  0.07273391  0.29702722]
 [-0.04905394 -0.05936554 -0.99703031  0.14828036]
 [ 0.51938996 -0.85416259  0.02530485  0.04642163]
 [ 0.          0.          0.          1.        ]]   0.888492226600647
[[-0.14154812 -0.98762821 -0.0674882   0.30761351]
 [-0.40399341 -0.00460735  0.91475029 -0.09764458]
 [-0.90374413  0.15674597 -0.39834312  0.0645396 ]
 [ 0.          0.          0.          1.        ]]   0.9061768054962158
[[-0.74706779 -0.62347089 -0.23059436  0.33666411]
 [ 0.11777     0.21726679 -0.96898161  0.12661592]
 [ 0.65423233 -0.75105205 -0.08888686  0.0518569 ]
 [ 0.          0.          0.          1.        ]]   0.8228804469108582
[[-0.65300931  0.70283764  0.28213132  0.23342131]
 [ 0.18228652 -0.21571309  0.95929114 -0.07756184]
 [ 0.73508534  0.67785478  0.01274483  0.04077014]
 [ 0.          0.          0.          1.        ]]   0.8916183114051819
[[-0.27827567  0.72930182  0.6250452   0.21840894]
 [-0.63553337  0.34812358 -0.68913519  0.08894548]
 [-0.72018052 -0.58900664  0.36662132  0.01890813]
 [ 0.          0.          0.          1.        ]]   0.8644216656684875
[[-2.44295405e-01 -9.69700465e-01 -8.73840557e-04  3.03519978e-01]
 [-4.00997941e-01  1.00202335e-01  9.10582310e-01 -9.64566405e-02]
 [-8.82904529e-01  2.22801482e-01 -4.13326860e-01  6.63423159e-02]
 [ 0.00000000e+00  0.00000000e+00  0.00000000e+00  1.00000000e+00]]   0.8376684784889221
[[ 0.57165479  0.77440488 -0.27112336  0.34405394]
 [ 0.19975283 -0.45185111 -0.869442    0.12494761]
 [-0.79580752  0.44286303 -0.41299241  0.09610462]
 [ 0.          0.          0.          1.        ]]   0.9049805998802185
[[-0.79505817 -0.59366382 -0.12428103  0.32256435]
 [ 0.05769444  0.12995222 -0.98984028  0.13649911]
 [ 0.60378296 -0.79415092 -0.06906847  0.0508785 ]
 [ 0.          0.          0.          1.        ]]   0.8602845668792725
[[ 0.78122936  0.25907497 -0.5679444   0.36970951]
 [ 0.54755838  0.15250195  0.82275329 -0.08440263]
 [ 0.29976741 -0.95374175 -0.02271966  0.02925498]
 [ 0.          0.          0.          1.        ]]   0.8608585000038147
[[-0.66310355  0.71873729  0.2090703   0.23878665]
 [ 0.17444359 -0.12323267  0.97692535 -0.08218562]
 [ 0.72791697  0.68427364 -0.04366309  0.04411935]
 [ 0.          0.          0.          1.        ]]   0.8781961798667908
[[-0.73961565 -0.62971843 -0.23753608  0.33850167]
 [ 0.12122201  0.22252122 -0.96736215  0.12528921]
 [ 0.66202259 -0.74427079 -0.08824444  0.05187958]
 [ 0.          0.          0.          1.        ]]   0.8608281016349792
[[-0.23889686  0.69001728  0.68323089  0.20811997]
 [-0.67870821  0.38454733 -0.62568244  0.07970232]
 [-0.69446631 -0.61318799  0.37645324  0.01861289]
 [ 0.          0.          0.          1.        ]]   0.8467754125595093
[[-0.62895116  0.75984502  0.16448702  0.24349321]
 [ 0.13645451 -0.10039715  0.98554583 -0.084549  ]
 [ 0.76537612  0.64230519 -0.04053938  0.04543232]
 [ 0.          0.          0.          1.        ]]   0.8004307746887207
[[-0.58044351  0.63186193  0.51364952  0.25553807]
 [-0.43125644  0.2965285  -0.8521084   0.10967413]
 [-0.69072659 -0.71611545  0.10037648  0.05712061]
 [ 0.          0.          0.          1.        ]]   0.9672116041183472
[[ 0.13164895  0.03748887  0.99058727  0.20728667]
 [ 0.40832321 -0.91262422 -0.01972776 -0.00908367]
 [ 0.90329436  0.40707692 -0.1354536   0.1014362 ]
 [ 0.          0.          0.          1.        ]]   0.8271378874778748
[[-0.62319433  0.7741182  -0.11121976  0.26947214]
 [ 0.12614628  0.23984907  0.96257963 -0.09260484]
 [ 0.77182637  0.58584421 -0.24712471  0.06389107]
 [ 0.          0.          0.          1.        ]]   0.9517250061035156
[[ 0.4101507   0.9097428   0.06437727  0.22645064]
 [-0.89977717  0.39211045  0.19144304 -0.01099731]
 [ 0.14892093 -0.1364457   0.97939018 -0.03091027]
 [ 0.          0.          0.          1.        ]]   0.8625161647796631
[[-0.50977149 -0.84968564  0.13478627  0.2835044 ]
 [-0.34552426  0.34569047  0.87241681 -0.0895746 ]
 [-0.78787436  0.39816129 -0.46981015  0.0820327 ]
 [ 0.          0.          0.          1.        ]]   0.9868292212486267
[[ 0.05116814  0.83257787 -0.55153958  0.32571963]
 [-0.98707817  0.12613264  0.09882933  0.00937425]
 [ 0.15185025  0.53935577  0.82827342 -0.01533762]
 [ 0.          0.          0.          1.        ]]   0.9106726050376892
[[-0.85312823 -0.51660623  0.07273391  0.29702722]
 [-0.04905394 -0.05936554 -0.99703031  0.14828036]
 [ 0.51938996 -0.85416259  0.02530485  0.04642163]
 [ 0.          0.          0.          1.        ]]   0.888492226600647
[[-0.14154812 -0.98762821 -0.0674882   0.30761351]
 [-0.40399341 -0.00460735  0.91475029 -0.09764458]
 [-0.90374413  0.15674597 -0.39834312  0.0645396 ]
 [ 0.          0.          0.          1.        ]]   0.9061768054962158
[[ 0.90920591 -0.34370051 -0.23497782  0.33896919]
 [ 0.11898603 -0.32634141  0.93773323 -0.10326786]
 [-0.39898238 -0.88055167 -0.25581598  0.04107563]
 [ 0.          0.          0.          1.        ]]   0.8981484770774841
[[-0.74706779 -0.62347089 -0.23059436  0.33666411]
 [ 0.11777     0.21726679 -0.96898161  0.12661592]
 [ 0.65423233 -0.75105205 -0.08888686  0.0518569 ]
 [ 0.          0.          0.          1.        ]]   0.8228804469108582
[[ 0.24402191  0.88113285 -0.40504099  0.28988766]
 [-0.92959188  0.33150833  0.16112466 -0.00781452]
 [ 0.27624669  0.33720487  0.89998924 -0.03374047]
 [ 0.          0.          0.          1.        ]]   0.9111732244491577
[[-0.01639837  0.79350474 -0.60834309  0.33780079]
 [-0.9972284   0.03118059  0.06755212  0.01252594]
 [ 0.07257143  0.60776475  0.79079415 -0.00802162]
 [ 0.          0.          0.          1.        ]]   0.8556244373321533
[[-0.65300931  0.70283764  0.28213132  0.23342131]
 [ 0.18228652 -0.21571309  0.95929114 -0.07756184]
 [ 0.73508534  0.67785478  0.01274483  0.04077014]
 [ 0.          0.          0.          1.        ]]   0.8916183114051819
[[-0.80315198  0.21164131  0.55691547  0.26296899]
 [-0.44234219  0.41435835 -0.79538704  0.1069025 ]
 [-0.39909934 -0.88516389 -0.23917485  0.08315084]
 [ 0.          0.          0.          1.        ]]   0.9528159499168396
[[-0.51524609 -0.55899327 -0.64965221  0.37826505]
 [ 0.35659367  0.54946067 -0.7556017   0.08621661]
 [ 0.7793346  -0.62098269 -0.083774    0.04280897]
 [ 0.          0.          0.          1.        ]]   0.8814854025840759
[[-2.44295405e-01 -9.69700465e-01 -8.73840557e-04  3.03519978e-01]
 [-4.00997941e-01  1.00202335e-01  9.10582310e-01 -9.64566405e-02]
 [-8.82904529e-01  2.22801482e-01 -4.13326860e-01  6.63423159e-02]
 [ 0.00000000e+00  0.00000000e+00  0.00000000e+00  1.00000000e+00]]   0.8376684784889221
[[ 0.57165479  0.77440488 -0.27112336  0.34405394]
 [ 0.19975283 -0.45185111 -0.869442    0.12494761]
 [-0.79580752  0.44286303 -0.41299241  0.09610462]
 [ 0.          0.          0.          1.        ]]   0.9049805998802185
[[-0.79505817 -0.59366382 -0.12428103  0.32256435]
 [ 0.05769444  0.12995222 -0.98984028  0.13649911]
 [ 0.60378296 -0.79415092 -0.06906847  0.0508785 ]
 [ 0.          0.          0.          1.        ]]   0.8602845668792725
[[ 0.78122936  0.25907497 -0.5679444   0.36970951]
 [ 0.54755838  0.15250195  0.82275329 -0.08440263]
 [ 0.29976741 -0.95374175 -0.02271966  0.02925498]
 [ 0.          0.          0.          1.        ]]   0.8608585000038147
[[-0.66310355  0.71873729  0.2090703   0.23878665]
 [ 0.17444359 -0.12323267  0.97692535 -0.08218562]
 [ 0.72791697  0.68427364 -0.04366309  0.04411935]
 [ 0.          0.          0.          1.        ]]   0.8781961798667908
[[-0.76176843 -0.61795562 -0.19452429  0.33282484]
 [ 0.09684397  0.18826911 -0.97733105  0.12966425]
 [ 0.64057014 -0.76333845 -0.08357219  0.05245222]
 [ 0.          0.          0.          1.        ]]   0.8118701577186584
[[-0.25702601  0.67448331  0.69210541  0.20760304]
 [-0.66410401  0.39700524 -0.63352404  0.07891447]
 [-0.70207086 -0.62246213  0.3458864   0.02037893]
 [ 0.          0.          0.          1.        ]]   0.9075908660888672
[[-0.73961565 -0.62971843 -0.23753608  0.33850167]
 [ 0.12122201  0.22252122 -0.96736215  0.12528921]
 [ 0.66202259 -0.74427079 -0.08824444  0.05187958]
 [ 0.          0.          0.          1.        ]]   0.8608281016349792
[[-0.67196612 -0.71864175  0.17892894  0.30776886]
 [-0.72422365  0.68815601  0.04406152  0.02557608]
 [-0.15479547 -0.09997672 -0.98287487  0.15229814]
 [ 0.          0.          0.          1.        ]]   0.8002759218215942
[[-0.83156387  0.02090842  0.55503547  0.26288375]
 [-0.49504905  0.42520997 -0.757709    0.10333273]
 [-0.25184911 -0.9048532  -0.34323855  0.09201379]
 [ 0.          0.          0.          1.        ]]   0.8350792527198792
[[-0.58044351  0.63186193  0.51364952  0.25553807]
 [-0.43125644  0.2965285  -0.8521084   0.10967413]
 [-0.69072659 -0.71611545  0.10037648  0.05712061]
 [ 0.          0.          0.          1.        ]]   0.9672116041183472
[[ 0.13164895  0.03748887  0.99058727  0.20728667]
 [ 0.40832321 -0.91262422 -0.01972776 -0.00908367]
 [ 0.90329436  0.40707692 -0.1354536   0.1014362 ]
 [ 0.          0.          0.          1.        ]]   0.8271378874778748
[[-0.62319433  0.7741182  -0.11121976  0.26947214]
 [ 0.12614628  0.23984907  0.96257963 -0.09260484]
 [ 0.77182637  0.58584421 -0.24712471  0.06389107]
 [ 0.          0.          0.          1.        ]]   0.9517250061035156
[[ 0.82857444 -0.50848679 -0.23431939  0.33414863]
 [ 0.05119291 -0.34795777  0.93611147 -0.10321156]
 [-0.55753356 -0.78763353 -0.26227799  0.042663  ]
 [ 0.          0.          0.          1.        ]]   0.9250494241714478
[[-0.14925878 -0.30911482 -0.93923897  0.40025552]
 [ 0.62418709  0.70724543 -0.3319554   0.04276717]
 [ 0.7668848  -0.63580809  0.08738289  0.02303221]
 [ 0.          0.          0.          1.        ]]   0.9220608472824097
[[ 0.4101507   0.9097428   0.06437727  0.22645064]
 [-0.89977717  0.39211045  0.19144304 -0.01099731]
 [ 0.14892093 -0.1364457   0.97939018 -0.03091027]
 [ 0.          0.          0.          1.        ]]   0.8625161647796631
[[-0.50977149 -0.84968564  0.13478627  0.2835044 ]
 [-0.34552426  0.34569047  0.87241681 -0.0895746 ]
 [-0.78787436  0.39816129 -0.46981015  0.0820327 ]
 [ 0.          0.          0.          1.        ]]   0.9868292212486267
[[ 0.33449857  0.67881477  0.65369811  0.1812523 ]
 [-0.93134384  0.34403974  0.11931184 -0.00725725]
 [-0.14390749 -0.64872734  0.74729076 -0.01430063]
 [ 0.          0.          0.          1.        ]]   0.8441565036773682
[[-0.85312823 -0.51660623  0.07273391  0.29702722]
 [-0.04905394 -0.05936554 -0.99703031  0.14828036]
 [ 0.51938996 -0.85416259  0.02530485  0.04642163]
 [ 0.          0.          0.          1.        ]]   0.888492226600647
[[ 0.22862022  0.87891319 -0.41862202  0.29334184]
 [-0.93557946  0.31723189  0.15509673 -0.00643639]
 [ 0.26911682  0.35619591  0.89481876 -0.03224198]
 [ 0.          0.          0.          1.        ]]   0.9309971332550049
[[-0.14154812 -0.98762821 -0.0674882   0.30761351]
 [-0.40399341 -0.00460735  0.91475029 -0.09764458]
 [-0.90374413  0.15674597 -0.39834312  0.0645396 ]
 [ 0.          0.          0.          1.        ]]   0.9061768054962158
[[ 0.90920591 -0.34370051 -0.23497782  0.33896919]
 [ 0.11898603 -0.32634141  0.93773323 -0.10326786]
 [-0.39898238 -0.88055167 -0.25581598  0.04107563]
 [ 0.          0.          0.          1.        ]]   0.8981484770774841
[[-0.01639837  0.79350474 -0.60834309  0.33780079]
 [-0.9972284   0.03118059  0.06755212  0.01252594]
 [ 0.07257143  0.60776475  0.79079415 -0.00802162]
 [ 0.          0.          0.          1.        ]]   0.8556244373321533
[[-0.78668983 -0.60327365 -0.13107255  0.3244174 ]
 [ 0.05927065  0.13752768 -0.98872298  0.1355233 ]
 [ 0.61449663 -0.78558706 -0.07243521  0.05131547]
 [ 0.          0.          0.          1.        ]]   0.9082443118095398
[[-0.23636426  0.67799645  0.6960264   0.20649745]
 [-0.68277753  0.39377003 -0.61543482  0.07793675]
 [-0.69133695 -0.62069798  0.36984758  0.01886643]
 [ 0.          0.          0.          1.        ]]   0.8710062503814697
[[-0.51524609 -0.55899327 -0.64965221  0.37826505]
 [ 0.35659367  0.54946067 -0.7556017   0.08621661]
 [ 0.7793346  -0.62098269 -0.083774    0.04280897]
 [ 0.          0.          0.          1.        ]]   0.8814854025840759
[[-0.10594127  0.50081032 -0.85904917  0.38730969]
 [-0.95033005 -0.30525563 -0.0607602   0.00597257]
 [-0.29265893  0.80994322  0.50827426  0.03342606]
