[[-0.43920546  0.16143622  0.88376293  0.19576704]
 [-0.70221891  0.55188148 -0.44979488  0.02830723]
 [-0.56034558 -0.81814741 -0.12902579  0.07535932]
 [ 0.          0.          0.          1.        ]]   0.9231492280960083
[[-0.22720316  0.95516276 -0.1898495   0.32100233]
 [ 0.87289242  0.11330665 -0.47457394  0.057181  ]
 [-0.43178414 -0.27354289 -0.85949796  0.15721175]
 [ 0.          0.          0.          1.        ]]   0.9396452903747559
[[-1.41662395e-01 -9.06721449e-01 -3.97225352e-01  3.57066085e-01]
 [ 6.14347431e-01  2.34118533e-01 -7.53502320e-01  7.59511540e-02]
 [ 7.76214532e-01 -3.50777318e-01  5.23876201e-01  8.18013639e-04]
 [ 0.00000000e+00  0.00000000e+00  0.00000000e+00  1.00000000e+00]]   0.9025251865386963
[[-0.92991723  0.28349958  0.23426893  0.27087199]
 [ 0.24225256  0.95146611 -0.18980497  0.02267446]
 [-0.27670858 -0.11975066 -0.95346323  0.15129447]
 [ 0.          0.          0.          1.        ]]   0.8293231129646301
[[-1.32627921e-01 -9.12705138e-01 -3.86496009e-01  3.55537963e-01]
 [ 6.16951292e-01  2.29171603e-01 -7.52895398e-01  7.65390197e-02]
 [ 7.75745408e-01 -3.38304164e-01  5.32700061e-01  1.78813428e-04]
 [ 0.00000000e+00  0.00000000e+00  0.00000000e+00  1.00000000e+00]]   0.8679582476615906
[[-0.44500288  0.16711545  0.87979819  0.19629352]
 [-0.69521     0.55480933 -0.45702261  0.02894029]
 [-0.56449579 -0.81502088 -0.13071142  0.07600112]
 [ 0.          0.          0.          1.        ]]   0.9432126879692078
[[ 0.90547287  0.38196181 -0.18499744  0.33145917]
 [ 0.17460776 -0.73257269 -0.6579129   0.0616453 ]
 [-0.38682168  0.56342029 -0.73001819  0.15249978]
 [ 0.          0.          0.          1.        ]]   0.8708773851394653
[[-0.72726163  0.27366861  0.62944104  0.23848608]
 [-0.15664917  0.8266845  -0.54042     0.04176606]
 [-0.66824514 -0.49162815 -0.55834595  0.1174391 ]
 [ 0.          0.          0.          1.        ]]   0.801670253276825
[[ 0.06673924 -0.89955687 -0.431675    0.36574662]
 [ 0.73925749  0.33514336 -0.58410384  0.05780188]
 [ 0.67010763 -0.28013633  0.68737137 -0.00449795]
 [ 0.          0.          0.          1.        ]]   0.8942060470581055
[[ 0.00270925 -0.90382537 -0.42789292  0.36332681]
 [ 0.70587289  0.30482153 -0.63939604  0.06476633]
 [ 0.70833334 -0.30030573  0.63881167 -0.00357973]
 [ 0.          0.          0.          1.        ]]   0.8236013054847717
[[-0.92093804  0.19700249  0.33624865  0.26035135]
 [ 0.10259933  0.95494575 -0.2784816   0.02666086]
 [-0.37596078 -0.22196541 -0.89965818  0.1414163 ]
 [ 0.          0.          0.          1.        ]]   0.9735623002052307
[[ 0.0644546  -0.89961017 -0.43191103  0.365997  ]
 [ 0.73930529  0.33375513 -0.58483776  0.05747532]
 [ 0.67027852 -0.28161862  0.68659861 -0.00453635]
 [ 0.          0.          0.          1.        ]]   0.872017502784729
[[ 0.18030005  0.50218131 -0.84575755  0.34369793]
 [-0.93118483 -0.18982701 -0.31122424  0.01923262]
 [-0.31683862  0.84367034  0.43339779  0.06338053]
 [ 0.          0.          0.          1.        ]]   0.8152154088020325
[[-0.20195916  0.95956538 -0.19607851  0.32149106]
 [ 0.85114934  0.07291742 -0.51983445  0.06155895]
 [-0.4845176  -0.27187742 -0.83145978  0.15250036]
 [ 0.          0.          0.          1.        ]]   0.9396213889122009
[[ 0.78547494 -0.58133494 -0.21231772  0.35461768]
 [ 0.61018966  0.67009865  0.42265397 -0.05345315]
 [-0.1034297  -0.46153817  0.88107026  0.02858271]
 [ 0.          0.          0.          1.        ]]   0.9563388824462891
[[-0.54415419  0.22371205  0.80860939  0.20824313]
 [-0.55642709  0.62510212 -0.54739038  0.03832806]
 [-0.62792127 -0.74779694 -0.21567249  0.08592778]
 [ 0.          0.          0.          1.        ]]   0.8529099225997925
[[ 0.79395022 -0.57458056 -0.19874665  0.35335698]
 [ 0.5956056   0.66943137  0.44397704 -0.05496048]
 [-0.12205333 -0.47087028  0.87371858  0.0296679 ]
 [ 0.          0.          0.          1.        ]]   0.8811371326446533
[[ 0.93742519  0.32519444 -0.12442909  0.32769695]
 [ 0.20265922 -0.80018378 -0.56447778  0.05164081]
 [-0.28313118  0.50393898 -0.81601608  0.15999268]
 [ 0.          0.          0.          1.        ]]   0.8309993743896484
[[-0.59900453 -0.79947523 -0.04508789  0.31166507]
 [ 0.06939555  0.00426597 -0.9975801   0.11289884]
 [ 0.79773293 -0.6006839   0.05292469  0.03284829]
 [ 0.          0.          0.          1.        ]]   0.9249814748764038
[[-0.43920546  0.16143622  0.88376293  0.19576704]
 [-0.70221891  0.55188148 -0.44979488  0.02830723]
 [-0.56034558 -0.81814741 -0.12902579  0.07535932]
 [ 0.          0.          0.          1.        ]]   0.9231492280960083
[[ 0.82487286 -0.45872717  0.33038485  0.3250622 ]
 [ 0.02717455  0.61592206  0.78733828 -0.07637354]
 [-0.56466478 -0.64047592  0.52052309  0.06278514]
 [ 0.          0.          0.          1.        ]]   0.9280070066452026
[[ 0.9716759   0.20927818  0.10976605  0.31623175]
 [ 0.23277067 -0.92775432 -0.29170145  0.02713394]
 [ 0.04078918  0.30898958 -0.95019034  0.15599487]
 [ 0.          0.          0.          1.        ]]   0.8547971844673157
[[-0.92991723  0.28349958  0.23426893  0.27087199]
 [ 0.24225256  0.95146611 -0.18980497  0.02267446]
 [-0.27670858 -0.11975066 -0.95346323  0.15129447]
 [ 0.          0.          0.          1.        ]]   0.8293231129646301
[[-1.32627921e-01 -9.12705138e-01 -3.86496009e-01  3.55537963e-01]
 [ 6.16951292e-01  2.29171603e-01 -7.52895398e-01  7.65390197e-02]
 [ 7.75745408e-01 -3.38304164e-01  5.32700061e-01  1.78813428e-04]
 [ 0.00000000e+00  0.00000000e+00  0.00000000e+00  1.00000000e+00]]   0.8679582476615906
[[-0.44500288  0.16711545  0.87979819  0.19629352]
 [-0.69521     0.55480933 -0.45702261  0.02894029]
 [-0.56449579 -0.81502088 -0.13071142  0.07600112]
 [ 0.          0.          0.          1.        ]]   0.8902491927146912
[[ 0.90547287  0.38196181 -0.18499744  0.33145917]
 [ 0.17460776 -0.73257269 -0.6579129   0.0616453 ]
 [-0.38682168  0.56342029 -0.73001819  0.15249978]
 [ 0.          0.          0.          1.        ]]   0.8708773851394653
[[-0.72726163  0.27366861  0.62944104  0.23848608]
 [-0.15664917  0.8266845  -0.54042     0.04176606]
 [-0.66824514 -0.49162815 -0.55834595  0.1174391 ]
 [ 0.          0.          0.          1.        ]]   0.801670253276825
[[ 0.27246056  0.81771978 -0.50704991  0.31782468]
 [-0.93324232  0.09635236 -0.34608525  0.01280097]
 [-0.23414529  0.56749501  0.78938292  0.03828565]
 [ 0.          0.          0.          1.        ]]   0.9227640628814697
[[ 0.06673924 -0.89955687 -0.431675    0.36574662]
 [ 0.73925749  0.33514336 -0.58410384  0.05780188]
 [ 0.67010763 -0.28013633  0.68737137 -0.00449795]
 [ 0.          0.          0.          1.        ]]   0.9040222764015198
[[ 0.00270925 -0.90382537 -0.42789292  0.36332681]
 [ 0.70587289  0.30482153 -0.63939604  0.06476633]
 [ 0.70833334 -0.30030573  0.63881167 -0.00357973]
 [ 0.          0.          0.          1.        ]]   0.8236013054847717
[[-0.92093804  0.19700249  0.33624865  0.26035135]
 [ 0.10259933  0.95494575 -0.2784816   0.02666086]
 [-0.37596078 -0.22196541 -0.89965818  0.1414163 ]
 [ 0.          0.          0.          1.        ]]   0.9735623002052307
[[ 0.0644546  -0.89961017 -0.43191103  0.365997  ]
 [ 0.73930529  0.33375513 -0.58483776  0.05747532]
 [ 0.67027852 -0.28161862  0.68659861 -0.00453635]
 [ 0.          0.          0.          1.        ]]   0.872017502784729
[[ 0.78547494 -0.58133494 -0.21231772  0.35461768]
 [ 0.61018966  0.67009865  0.42265397 -0.05345315]
 [-0.1034297  -0.46153817  0.88107026  0.02858271]
 [ 0.          0.          0.          1.        ]]   0.9563388824462891
[[-0.09657242  0.13660049  0.98590774  0.18298861]
 [-0.88842111  0.43476656 -0.14726155 -0.02028724]
 [-0.44875572 -0.89012265  0.0793723   0.03520625]
 [ 0.          0.          0.          1.        ]]   0.9214798808097839
[[-0.54415419  0.22371205  0.80860939  0.20824313]
 [-0.55642709  0.62510212 -0.54739038  0.03832806]
 [-0.62792127 -0.74779694 -0.21567249  0.08592778]
 [ 0.          0.          0.          1.        ]]   0.8529099225997925
[[ 0.79395022 -0.57458056 -0.19874665  0.35335698]
 [ 0.5956056   0.66943137  0.44397704 -0.05496048]
 [-0.12205333 -0.47087028  0.87371858  0.0296679 ]
 [ 0.          0.          0.          1.        ]]   0.8811371326446533
[[ 0.93742519  0.32519444 -0.12442909  0.32769695]
 [ 0.20265922 -0.80018378 -0.56447778  0.05164081]
 [-0.28313118  0.50393898 -0.81601608  0.15999268]
 [ 0.          0.          0.          1.        ]]   0.8309993743896484
[[-0.59900453 -0.79947523 -0.04508789  0.31166507]
 [ 0.06939555  0.00426597 -0.9975801   0.11289884]
 [ 0.79773293 -0.6006839   0.05292469  0.03284829]
 [ 0.          0.          0.          1.        ]]   0.9249814748764038
[[ 0.52880688  0.79284402  0.30292184  0.27125989]
 [-0.83304491  0.55316815  0.00641691 -0.02481747]
 [-0.16247911 -0.2557408   0.9529938  -0.00551815]
 [ 0.          0.          0.          1.        ]]   0.985470175743103
[[-0.43920546  0.16143622  0.88376293  0.19576704]
 [-0.70221891  0.55188148 -0.44979488  0.02830723]
 [-0.56034558 -0.81814741 -0.12902579  0.07535932]
 [ 0.          0.          0.          1.        ]]   0.9231492280960083
[[ 0.82487286 -0.45872717  0.33038485  0.3250622 ]
 [ 0.02717455  0.61592206  0.78733828 -0.07637354]
 [-0.56466478 -0.64047592  0.52052309  0.06278514]
 [ 0.          0.          0.          1.        ]]   0.9280070066452026
[[ 0.9716759   0.20927818  0.10976605  0.31623175]
 [ 0.23277067 -0.92775432 -0.29170145  0.02713394]
 [ 0.04078918  0.30898958 -0.95019034  0.15599487]
 [ 0.          0.          0.          1.        ]]   0.8547971844673157
[[ 0.58410651 -0.53451254  0.61083216  0.31469934]
 [-0.27983527  0.57380371  0.76970223 -0.07363096]
 [-0.76191325 -0.62052047  0.18558703  0.08422647]
 [ 0.          0.          0.          1.        ]]   0.8620455861091614
[[ 0.11850958 -0.89135516 -0.43754023  0.36936436]
 [ 0.76550784  0.36266578 -0.53148027  0.04967268]
 [ 0.63241855 -0.27195498  0.72531873 -0.00366454]
 [ 0.          0.          0.          1.        ]]   0.9580250382423401
[[-0.44500288  0.16711545  0.87979819  0.19629352]
 [-0.69521     0.55480933 -0.45702261  0.02894029]
 [-0.56449579 -0.81502088 -0.13071142  0.07600112]
 [ 0.          0.          0.          1.        ]]   0.8902491927146912
[[ 0.90547287  0.38196181 -0.18499744  0.33145917]
 [ 0.17460776 -0.73257269 -0.6579129   0.0616453 ]
 [-0.38682168  0.56342029 -0.73001819  0.15249978]
 [ 0.          0.          0.          1.        ]]   0.8708773851394653
[[-0.72726163  0.27366861  0.62944104  0.23848608]
 [-0.15664917  0.8266845  -0.54042     0.04176606]
 [-0.66824514 -0.49162815 -0.55834595  0.1174391 ]
 [ 0.          0.          0.          1.        ]]   0.9178725481033325
[[ 0.27246056  0.81771978 -0.50704991  0.31782468]
 [-0.93324232  0.09635236 -0.34608525  0.01280097]
 [-0.23414529  0.56749501  0.78938292  0.03828565]
 [ 0.          0.          0.          1.        ]]   0.9227640628814697
[[ 0.06673924 -0.89955687 -0.431675    0.36574662]
 [ 0.73925749  0.33514336 -0.58410384  0.05780188]
 [ 0.67010763 -0.28013633  0.68737137 -0.00449795]
 [ 0.          0.          0.          1.        ]]   0.9040222764015198
[[ 0.00270925 -0.90382537 -0.42789292  0.36332681]
 [ 0.70587289  0.30482153 -0.63939604  0.06476633]
 [ 0.70833334 -0.30030573  0.63881167 -0.00357973]
 [ 0.          0.          0.          1.        ]]   0.8236013054847717
[[ 0.56244051  0.7317431   0.38498404  0.26699128]
 [-0.8116575   0.57742621  0.08826708 -0.03195077]
 [-0.15771105 -0.36212017  0.91869266 -0.00707694]
 [ 0.          0.          0.          1.        ]]   0.802862823009491
[[-0.92093804  0.19700249  0.33624865  0.26035135]
 [ 0.10259933  0.95494575 -0.2784816   0.02666086]
 [-0.37596078 -0.22196541 -0.89965818  0.1414163 ]
 [ 0.          0.          0.          1.        ]]   0.9735623002052307
[[ 0.0644546  -0.89961017 -0.43191103  0.365997  ]
 [ 0.73930529  0.33375513 -0.58483776  0.05747532]
 [ 0.67027852 -0.28161862  0.68659861 -0.00453635]
 [ 0.          0.          0.          1.        ]]   0.872017502784729
[[-0.62240747 -0.7824161  -0.0208324   0.30715048]
 [ 0.0360145  -0.00204092 -0.99934918  0.11684738]
 [ 0.78186438 -0.62275266  0.02944861  0.03560825]
 [ 0.          0.          0.          1.        ]]   0.8396097421646118
[[-0.09657242  0.13660049  0.98590774  0.18298861]
 [-0.88842111  0.43476656 -0.14726155 -0.02028724]
 [-0.44875572 -0.89012265  0.0793723   0.03520625]
 [ 0.          0.          0.          1.        ]]   0.9214798808097839
[[-0.54415419  0.22371205  0.80860939  0.20824313]
 [-0.55642709  0.62510212 -0.54739038  0.03832806]
 [-0.62792127 -0.74779694 -0.21567249  0.08592778]
 [ 0.          0.          0.          1.        ]]   0.8529099225997925
[[ 0.79395022 -0.57458056 -0.19874665  0.35335698]
 [ 0.5956056   0.66943137  0.44397704 -0.05496048]
 [-0.12205333 -0.47087028  0.87371858  0.0296679 ]
 [ 0.          0.          0.          1.        ]]   0.8811371326446533
[[ 0.93742519  0.32519444 -0.12442909  0.32769695]
 [ 0.20265922 -0.80018378 -0.56447778  0.05164081]
 [-0.28313118  0.50393898 -0.81601608  0.15999268]
 [ 0.          0.          0.          1.        ]]   0.8309993743896484
[[ 0.52880688  0.79284402  0.30292184  0.27125989]
 [-0.83304491  0.55316815  0.00641691 -0.02481747]
 [-0.16247911 -0.2557408   0.9529938  -0.00551815]
 [ 0.          0.          0.          1.        ]]   0.985470175743103
[[ 0.54940685  0.44771304  0.70548222  0.27909271]
 [ 0.46719085 -0.86461357  0.18486776  0.02256316]
 [ 0.6927372   0.22802722 -0.68419205  0.13055563]
 [ 0.          0.          0.          1.        ]]   0.9638407826423645
[[ 0.82487286 -0.45872717  0.33038485  0.3250622 ]
 [ 0.02717455  0.61592206  0.78733828 -0.07637354]
 [-0.56466478 -0.64047592  0.52052309  0.06278514]
 [ 0.          0.          0.          1.        ]]   0.9280070066452026
[[-0.54972868  0.56360543  0.61656087  0.24238495]
 [ 0.33473315 -0.52761807  0.7807515   0.00712873]
 [ 0.76534443  0.63558485  0.10138936  0.05632565]
 [ 0.          0.          0.          1.        ]]   0.8168427348136902
[[ 0.9716759   0.20927818  0.10976605  0.31623175]
 [ 0.23277067 -0.92775432 -0.29170145  0.02713394]
 [ 0.04078918  0.30898958 -0.95019034  0.15599487]
 [ 0.          0.          0.          1.        ]]   0.8547971844673157
[[ 0.58410651 -0.53451254  0.61083216  0.31469934]
 [-0.27983527  0.57380371  0.76970223 -0.07363096]
 [-0.76191325 -0.62052047  0.18558703  0.08422647]
 [ 0.          0.          0.          1.        ]]   0.8620455861091614
[[ 0.11850958 -0.89135516 -0.43754023  0.36936436]
 [ 0.76550784  0.36266578 -0.53148027  0.04967268]
 [ 0.63241855 -0.27195498  0.72531873 -0.00366454]
 [ 0.          0.          0.          1.        ]]   0.9580250382423401
[[-1.32627921e-01 -9.12705138e-01 -3.86496009e-01  3.55537963e-01]
 [ 6.16951292e-01  2.29171603e-01 -7.52895398e-01  7.65390197e-02]
 [ 7.75745408e-01 -3.38304164e-01  5.32700061e-01  1.78813428e-04]
 [ 0.00000000e+00  0.00000000e+00  0.00000000e+00  1.00000000e+00]]   0.9605751633644104
[[-0.44500288  0.16711545  0.87979819  0.19629352]
 [-0.69521     0.55480933 -0.45702261  0.02894029]
 [-0.56449579 -0.81502088 -0.13071142  0.07600112]
 [ 0.          0.          0.          1.        ]]   0.8902491927146912
[[ 0.90547287  0.38196181 -0.18499744  0.33145917]
 [ 0.17460776 -0.73257269 -0.6579129   0.0616453 ]
 [-0.38682168  0.56342029 -0.73001819  0.15249978]
 [ 0.          0.          0.          1.        ]]   0.8708773851394653
[[-0.72726163  0.27366861  0.62944104  0.23848608]
 [-0.15664917  0.8266845  -0.54042     0.04176606]
 [-0.66824514 -0.49162815 -0.55834595  0.1174391 ]
 [ 0.          0.          0.          1.        ]]   0.8115661144256592
[[ 0.27246056  0.81771978 -0.50704991  0.31782468]
 [-0.93324232  0.09635236 -0.34608525  0.01280097]
 [-0.23414529  0.56749501  0.78938292  0.03828565]
 [ 0.          0.          0.          1.        ]]   0.9227640628814697
[[ 0.44037769  0.09677177  0.89258205  0.28082706]
 [-0.88652641  0.20401087  0.41527158 -0.06820439]
 [-0.14190987 -0.9741739   0.17563256  0.082196  ]
 [ 0.          0.          0.          1.        ]]   0.9687246084213257
[[ 0.06673924 -0.89955687 -0.431675    0.36574662]
 [ 0.73925749  0.33514336 -0.58410384  0.05780188]
 [ 0.67010763 -0.28013633  0.68737137 -0.00449795]
 [ 0.          0.          0.          1.        ]]   0.9040222764015198
[[ 0.56244051  0.7317431   0.38498404  0.26699128]
 [-0.8116575   0.57742621  0.08826708 -0.03195077]
 [-0.15771105 -0.36212017  0.91869266 -0.00707694]
 [ 0.          0.          0.          1.        ]]   0.802862823009491
[[-0.92093804  0.19700249  0.33624865  0.26035135]
 [ 0.10259933  0.95494575 -0.2784816   0.02666086]
 [-0.37596078 -0.22196541 -0.89965818  0.1414163 ]
 [ 0.          0.          0.          1.        ]]   0.9735623002052307
[[ 0.0644546  -0.89961017 -0.43191103  0.365997  ]
 [ 0.73930529  0.33375513 -0.58483776  0.05747532]
 [ 0.67027852 -0.28161862  0.68659861 -0.00453635]
 [ 0.          0.          0.          1.        ]]   0.8789348006248474
[[-0.62240747 -0.7824161  -0.0208324   0.30715048]
 [ 0.0360145  -0.00204092 -0.99934918  0.11684738]
 [ 0.78186438 -0.62275266  0.02944861  0.03560825]
 [ 0.          0.          0.          1.        ]]   0.8588138222694397
[[-0.05733725 -0.57326619  0.81736058  0.28536446]
 [-0.50897342  0.72110726  0.47005359 -0.07387453]
 [-0.85887048 -0.38906322 -0.33312356  0.09374188]
 [ 0.          0.          0.          1.        ]]   0.8096513152122498
[[-0.09657242  0.13660049  0.98590774  0.18298861]
 [-0.88842111  0.43476656 -0.14726155 -0.02028724]
 [-0.44875572 -0.89012265  0.0793723   0.03520625]
 [ 0.          0.          0.          1.        ]]   0.9214798808097839
[[-0.54415419  0.22371205  0.80860939  0.20824313]
 [-0.55642709  0.62510212 -0.54739038  0.03832806]
 [-0.62792127 -0.74779694 -0.21567249  0.08592778]
 [ 0.          0.          0.          1.        ]]   0.8529099225997925
[[ 0.79395022 -0.57458056 -0.19874665  0.35335698]
 [ 0.5956056   0.66943137  0.44397704 -0.05496048]
 [-0.12205333 -0.47087028  0.87371858  0.0296679 ]
 [ 0.          0.          0.          1.        ]]   0.8811371326446533
[[ 0.93742519  0.32519444 -0.12442909  0.32769695]
 [ 0.20265922 -0.80018378 -0.56447778  0.05164081]
 [-0.28313118  0.50393898 -0.81601608  0.15999268]
 [ 0.          0.          0.          1.        ]]   0.8309993743896484
[[ 0.52880688  0.79284402  0.30292184  0.27125989]
 [-0.83304491  0.55316815  0.00641691 -0.02481747]
 [-0.16247911 -0.2557408   0.9529938  -0.00551815]
 [ 0.          0.          0.          1.        ]]   0.985470175743103
[[ 0.54940685  0.44771304  0.70548222  0.27909271]
 [ 0.46719085 -0.86461357  0.18486776  0.02256316]
 [ 0.6927372   0.22802722 -0.68419205  0.13055563]
 [ 0.          0.          0.          1.        ]]   0.9638407826423645
[[ 0.82487286 -0.45872717  0.33038485  0.3250622 ]
 [ 0.02717455  0.61592206  0.78733828 -0.07637354]
 [-0.56466478 -0.64047592  0.52052309  0.06278514]
 [ 0.          0.          0.          1.        ]]   0.8919246792793274
[[-0.54972868  0.56360543  0.61656087  0.24238495]
 [ 0.33473315 -0.52761807  0.7807515   0.00712873]
 [ 0.76534443  0.63558485  0.10138936  0.05632565]
 [ 0.          0.          0.          1.        ]]   0.8168427348136902
[[ 0.02359808  0.17299611  0.98463977  0.1875065 ]
 [-0.90430342  0.42361805 -0.05275478 -0.02899254]
 [-0.42623755 -0.8891682   0.16643754  0.02458136]
 [ 0.          0.          0.          1.        ]]   0.8152351975440979
[[ 0.58410651 -0.53451254  0.61083216  0.31469934]
 [-0.27983527  0.57380371  0.76970223 -0.07363096]
 [-0.76191325 -0.62052047  0.18558703  0.08422647]
 [ 0.          0.          0.          1.        ]]   0.8620455861091614
[[ 0.11850958 -0.89135516 -0.43754023  0.36936436]
 [ 0.76550784  0.36266578 -0.53148027  0.04967268]
 [ 0.63241855 -0.27195498  0.72531873 -0.00366454]
 [ 0.          0.          0.          1.        ]]   0.9580250382423401
[[-0.08741605 -0.90869585 -0.40820373  0.35873183]
 [ 0.65200649  0.25761836 -0.71310611  0.0725124 ]
 [ 0.75315734 -0.3284884   0.56995561 -0.0013295 ]
 [ 0.          0.          0.          1.        ]]   0.9316197633743286
[[-1.32627921e-01 -9.12705138e-01 -3.86496009e-01  3.55537963e-01]
 [ 6.16951292e-01  2.29171603e-01 -7.52895398e-01  7.65390197e-02]
 [ 7.75745408e-01 -3.38304164e-01  5.32700061e-01  1.78813428e-04]
 [ 0.00000000e+00  0.00000000e+00  0.00000000e+00  1.00000000e+00]]   0.9605751633644104
[[-0.44500288  0.16711545  0.87979819  0.19629352]
 [-0.69521     0.55480933 -0.45702261  0.02894029]
 [-0.56449579 -0.81502088 -0.13071142  0.07600112]
 [ 0.          0.          0.          1.        ]]   0.8902491927146912
[[ 0.90547287  0.38196181 -0.18499744  0.33145917]
 [ 0.17460776 -0.73257269 -0.6579129   0.0616453 ]
 [-0.38682168  0.56342029 -0.73001819  0.15249978]
 [ 0.          0.          0.          1.        ]]   0.8708773851394653
[[-0.72726163  0.27366861  0.62944104  0.23848608]
 [-0.15664917  0.8266845  -0.54042     0.04176606]
 [-0.66824514 -0.49162815 -0.55834595  0.1174391 ]
 [ 0.          0.          0.          1.        ]]   0.8115661144256592
[[ 0.27246056  0.81771978 -0.50704991  0.31782468]
 [-0.93324232  0.09635236 -0.34608525  0.01280097]
 [-0.23414529  0.56749501  0.78938292  0.03828565]
 [ 0.          0.          0.          1.        ]]   0.9711388349533081
[[ 0.44037769  0.09677177  0.89258205  0.28082706]
 [-0.88652641  0.20401087  0.41527158 -0.06820439]
 [-0.14190987 -0.9741739   0.17563256  0.082196  ]
 [ 0.          0.          0.          1.        ]]   0.9687246084213257
[[ 0.0770429   0.18818293  0.97910754  0.1903275 ]
 [-0.90888966  0.41694759 -0.00861899 -0.03357117]
 [-0.40985848 -0.88923669  0.20316038  0.01995473]
 [ 0.          0.          0.          1.        ]]   0.8253791928291321
[[ 0.06673924 -0.89955687 -0.431675    0.36574662]
 [ 0.73925749  0.33514336 -0.58410384  0.05780188]
 [ 0.67010763 -0.28013633  0.68737137 -0.00449795]
 [ 0.          0.          0.          1.        ]]   0.9040222764015198
[[ 0.56244051  0.7317431   0.38498404  0.26699128]
 [-0.8116575   0.57742621  0.08826708 -0.03195077]
 [-0.15771105 -0.36212017  0.91869266 -0.00707694]
 [ 0.          0.          0.          1.        ]]   0.802862823009491
[[ 0.61263545  0.50592686  0.60721975  0.2481871 ]
 [-0.76158036  0.58332949  0.28235094 -0.05440522]
 [-0.21136027 -0.63542483  0.74267229 -0.0045739 ]
 [ 0.          0.          0.          1.        ]]   0.9423941969871521
[[-0.92093804  0.19700249  0.33624865  0.26035135]
 [ 0.10259933  0.95494575 -0.2784816   0.02666086]
 [-0.37596078 -0.22196541 -0.89965818  0.1414163 ]
 [ 0.          0.          0.          1.        ]]   0.9735623002052307
[[ 0.83371915 -0.44991177  0.32014338  0.32602322]
 [ 0.03591596  0.62272742  0.7816141  -0.07579578]
 [-0.55101945 -0.64014838  0.53533879  0.06216532]
 [ 0.          0.          0.          1.        ]]   0.9520758390426636
[[ 0.0644546  -0.89961017 -0.43191103  0.365997  ]
 [ 0.73930529  0.33375513 -0.58483776  0.05747532]
 [ 0.67027852 -0.28161862  0.68659861 -0.00453635]
 [ 0.          0.          0.          1.        ]]   0.8789348006248474
[[-0.62240747 -0.7824161  -0.0208324   0.30715048]
 [ 0.0360145  -0.00204092 -0.99934918  0.11684738]
 [ 0.78186438 -0.62275266  0.02944861  0.03560825]
 [ 0.          0.          0.          1.        ]]   0.8588138222694397
[[-0.05733725 -0.57326619  0.81736058  0.28536446]
 [-0.50897342  0.72110726  0.47005359 -0.07387453]
 [-0.85887048 -0.38906322 -0.33312356  0.09374188]
 [ 0.          0.          0.          1.        ]]   0.9242902398109436
[[-0.09657242  0.13660049  0.98590774  0.18298861]
 [-0.88842111  0.43476656 -0.14726155 -0.02028724]
 [-0.44875572 -0.89012265  0.0793723   0.03520625]
 [ 0.          0.          0.          1.        ]]   0.9214798808097839
[[ 0.77034926  0.5438759  -0.33280779  0.32923942]
 [ 0.16341864 -0.6729255  -0.72143303  0.07013587]
 [-0.61632488  0.5013684  -0.60726713  0.14402579]
 [ 0.          0.          0.          1.        ]]   0.92606520652771
[[ 0.93742519  0.32519444 -0.12442909  0.32769695]
 [ 0.20265922 -0.80018378 -0.56447778  0.05164081]
 [-0.28313118  0.50393898 -0.81601608  0.15999268]
 [ 0.          0.          0.          1.        ]]   0.8309993743896484
[[ 0.82487286 -0.45872717  0.33038485  0.3250622 ]
 [ 0.02717455  0.61592206  0.78733828 -0.07637354]
 [-0.56466478 -0.64047592  0.52052309  0.06278514]
 [ 0.          0.          0.          1.        ]]   0.8919246792793274
[[-0.54972868  0.56360543  0.61656087  0.24238495]
 [ 0.33473315 -0.52761807  0.7807515   0.00712873]
 [ 0.76534443  0.63558485  0.10138936  0.05632565]
 [ 0.          0.          0.          1.        ]]   0.8168427348136902
[[ 0.02359808  0.17299611  0.98463977  0.1875065 ]
 [-0.90430342  0.42361805 -0.05275478 -0.02899254]
 [-0.42623755 -0.8891682   0.16643754  0.02458136]
 [ 0.          0.          0.          1.        ]]   0.8152351975440979
[[ 0.9716759   0.20927818  0.10976605  0.31623175]
 [ 0.23277067 -0.92775432 -0.29170145  0.02713394]
 [ 0.04078918  0.30898958 -0.95019034  0.15599487]
 [ 0.          0.          0.          1.        ]]   0.8769605159759521
[[ 0.58410651 -0.53451254  0.61083216  0.31469934]
 [-0.27983527  0.57380371  0.76970223 -0.07363096]
 [-0.76191325 -0.62052047  0.18558703  0.08422647]
 [ 0.          0.          0.          1.        ]]   0.8620455861091614
[[ 0.11850958 -0.89135516 -0.43754023  0.36936436]
 [ 0.76550784  0.36266578 -0.53148027  0.04967268]
 [ 0.63241855 -0.27195498  0.72531873 -0.00366454]
 [ 0.          0.          0.          1.        ]]   0.9580250382423401
[[-1.32627921e-01 -9.12705138e-01 -3.86496009e-01  3.55537963e-01]
 [ 6.16951292e-01  2.29171603e-01 -7.52895398e-01  7.65390197e-02]
 [ 7.75745408e-01 -3.38304164e-01  5.32700061e-01  1.78813428e-04]
 [ 0.00000000e+00  0.00000000e+00  0.00000000e+00  1.00000000e+00]]   0.9605751633644104
[[-0.44500288  0.16711545  0.87979819  0.19629352]
 [-0.69521     0.55480933 -0.45702261  0.02894029]
 [-0.56449579 -0.81502088 -0.13071142  0.07600112]
 [ 0.          0.          0.          1.        ]]   0.8902491927146912
[[ 0.90547287  0.38196181 -0.18499744  0.33145917]
 [ 0.17460776 -0.73257269 -0.6579129   0.0616453 ]
 [-0.38682168  0.56342029 -0.73001819  0.15249978]
 [ 0.          0.          0.          1.        ]]   0.8708773851394653
[[ 0.27246056  0.81771978 -0.50704991  0.31782468]
 [-0.93324232  0.09635236 -0.34608525  0.01280097]
 [-0.23414529  0.56749501  0.78938292  0.03828565]
 [ 0.          0.          0.          1.        ]]   0.9711388349533081
[[ 0.44037769  0.09677177  0.89258205  0.28082706]
 [-0.88652641  0.20401087  0.41527158 -0.06820439]
 [-0.14190987 -0.9741739   0.17563256  0.082196  ]
 [ 0.          0.          0.          1.        ]]   0.9687246084213257
[[ 0.57152623  0.7032151   0.42290223  0.26469682]
 [-0.80133222  0.58926891  0.10309617 -0.03425591]
 [-0.17670435 -0.39780735  0.90029156 -0.00744239]
 [ 0.          0.          0.          1.        ]]   0.8191943168640137
[[ 0.0770429   0.18818293  0.97910754  0.1903275 ]
 [-0.90888966  0.41694759 -0.00861899 -0.03357117]
 [-0.40985848 -0.88923669  0.20316038  0.01995473]
 [ 0.          0.          0.          1.        ]]   0.8253791928291321
[[ 0.06673924 -0.89955687 -0.431675    0.36574662]
 [ 0.73925749  0.33514336 -0.58410384  0.05780188]
 [ 0.67010763 -0.28013633  0.68737137 -0.00449795]
 [ 0.          0.          0.          1.        ]]   0.9040222764015198
[[ 0.56244051  0.7317431   0.38498404  0.26699128]
 [-0.8116575   0.57742621  0.08826708 -0.03195077]
 [-0.15771105 -0.36212017  0.91869266 -0.00707694]
 [ 0.          0.          0.          1.        ]]   0.802862823009491
[[-0.92093804  0.19700249  0.33624865  0.26035135]
 [ 0.10259933  0.95494575 -0.2784816   0.02666086]
 [-0.37596078 -0.22196541 -0.89965818  0.1414163 ]
 [ 0.          0.          0.          1.        ]]   0.9735623002052307
[[ 0.83371915 -0.44991177  0.32014338  0.32602322]
 [ 0.03591596  0.62272742  0.7816141  -0.07579578]
 [-0.55101945 -0.64014838  0.53533879  0.06216532]
 [ 0.          0.          0.          1.        ]]   0.9520758390426636
[[ 0.0644546  -0.89961017 -0.43191103  0.365997  ]
 [ 0.73930529  0.33375513 -0.58483776  0.05747532]
 [ 0.67027852 -0.28161862  0.68659861 -0.00453635]
 [ 0.          0.          0.          1.        ]]   0.8789348006248474
[[-0.05733725 -0.57326619  0.81736058  0.28536446]
 [-0.50897342  0.72110726  0.47005359 -0.07387453]
 [-0.85887048 -0.38906322 -0.33312356  0.09374188]
 [ 0.          0.          0.          1.        ]]   0.9242902398109436
[[-0.55596211  0.55568522  0.6181586   0.2412339 ]
 [ 0.33801038 -0.52827902  0.77889041  0.00693753]
 [ 0.75937811  0.64197758  0.10587575  0.05511856]
 [ 0.          0.          0.          1.        ]]   0.8987314105033875
[[-0.09657242  0.13660049  0.98590774  0.18298861]
 [-0.88842111  0.43476656 -0.14726155 -0.02028724]
 [-0.44875572 -0.89012265  0.0793723   0.03520625]
 [ 0.          0.          0.          1.        ]]   0.9214798808097839
[[ 0.77034926  0.5438759  -0.33280779  0.32923942]
 [ 0.16341864 -0.6729255  -0.72143303  0.07013587]
 [-0.61632488  0.5013684  -0.60726713  0.14402579]
 [ 0.          0.          0.          1.        ]]   0.92606520652771
[[ 0.93742519  0.32519444 -0.12442909  0.32769695]
 [ 0.20265922 -0.80018378 -0.56447778  0.05164081]
 [-0.28313118  0.50393898 -0.81601608  0.15999268]
 [ 0.          0.          0.          1.        ]]   0.8309993743896484
[[ 0.27945179  0.24864345  0.92740667  0.20345833]
 [-0.884572    0.44231312  0.14795771 -0.05034749]
 [-0.37341542 -0.86170502  0.34354822  0.0082174 ]
 [ 0.          0.          0.          1.        ]]   0.9912471175193787
[[ 0.82487286 -0.45872717  0.33038485  0.3250622 ]
 [ 0.02717455  0.61592206  0.78733828 -0.07637354]
 [-0.56466478 -0.64047592  0.52052309  0.06278514]
 [ 0.          0.          0.          1.        ]]   0.8919246792793274
[[-0.54972868  0.56360543  0.61656087  0.24238495]
 [ 0.33473315 -0.52761807  0.7807515   0.00712873]
 [ 0.76534443  0.63558485  0.10138936  0.05632565]
 [ 0.          0.          0.          1.        ]]   0.8168427348136902
[[ 0.02359808  0.17299611  0.98463977  0.1875065 ]
 [-0.90430342  0.42361805 -0.05275478 -0.02899254]
 [-0.42623755 -0.8891682   0.16643754  0.02458136]
 [ 0.          0.          0.          1.        ]]   0.8152351975440979
[[ 0.9716759   0.20927818  0.10976605  0.31623175]
 [ 0.23277067 -0.92775432 -0.29170145  0.02713394]
 [ 0.04078918  0.30898958 -0.95019034  0.15599487]
 [ 0.          0.          0.          1.        ]]   0.8769605159759521
[[ 0.58410651 -0.53451254  0.61083216  0.31469934]
 [-0.27983527  0.57380371  0.76970223 -0.07363096]
 [-0.76191325 -0.62052047  0.18558703  0.08422647]
 [ 0.          0.          0.          1.        ]]   0.8620455861091614
[[ 0.11850958 -0.89135516 -0.43754023  0.36936436]
 [ 0.76550784  0.36266578 -0.53148027  0.04967268]
 [ 0.63241855 -0.27195498  0.72531873 -0.00366454]
 [ 0.          0.          0.          1.        ]]   0.9580250382423401
[[ 0.09809654  0.19089404  0.97669675  0.19016074]
 [-0.90737929  0.42021632  0.00900379 -0.03564856]
 [-0.40870514 -0.88711764  0.21443507  0.01862754]
 [ 0.          0.          0.          1.        ]]   0.8751624226570129
[[-1.32627921e-01 -9.12705138e-01 -3.86496009e-01  3.55537963e-01]
 [ 6.16951292e-01  2.29171603e-01 -7.52895398e-01  7.65390197e-02]
 [ 7.75745408e-01 -3.38304164e-01  5.32700061e-01  1.78813428e-04]
 [ 0.00000000e+00  0.00000000e+00  0.00000000e+00  1.00000000e+00]]   0.9605751633644104
[[-0.44500288  0.16711545  0.87979819  0.19629352]
 [-0.69521     0.55480933 -0.45702261  0.02894029]
 [-0.56449579 -0.81502088 -0.13071142  0.07600112]
 [ 0.          0.          0.          1.        ]]   0.8902491927146912
[[ 0.90547287  0.38196181 -0.18499744  0.33145917]
 [ 0.17460776 -0.73257269 -0.6579129   0.0616453 ]
 [-0.38682168  0.56342029 -0.73001819  0.15249978]
 [ 0.          0.          0.          1.        ]]   0.8310756087303162
[[ 0.44037769  0.09677177  0.89258205  0.28082706]
 [-0.88652641  0.20401087  0.41527158 -0.06820439]
 [-0.14190987 -0.9741739   0.17563256  0.082196  ]
 [ 0.          0.          0.          1.        ]]   0.9687246084213257
[[ 0.57152623  0.7032151   0.42290223  0.26469682]
 [-0.80133222  0.58926891  0.10309617 -0.03425591]
 [-0.17670435 -0.39780735  0.90029156 -0.00744239]
 [ 0.          0.          0.          1.        ]]   0.8191943168640137
[[ 0.0770429   0.18818293  0.97910754  0.1903275 ]
 [-0.90888966  0.41694759 -0.00861899 -0.03357117]
 [-0.40985848 -0.88923669  0.20316038  0.01995473]
 [ 0.          0.          0.          1.        ]]   0.8253791928291321
[[ 0.06673924 -0.89955687 -0.431675    0.36574662]
 [ 0.73925749  0.33514336 -0.58410384  0.05780188]
 [ 0.67010763 -0.28013633  0.68737137 -0.00449795]
 [ 0.          0.          0.          1.        ]]   0.9040222764015198
[[ 0.56244051  0.7317431   0.38498404  0.26699128]
 [-0.8116575   0.57742621  0.08826708 -0.03195077]
 [-0.15771105 -0.36212017  0.91869266 -0.00707694]
 [ 0.          0.          0.          1.        ]]   0.802862823009491
[[ 0.0644546  -0.89961017 -0.43191103  0.365997  ]
 [ 0.73930529  0.33375513 -0.58483776  0.05747532]
 [ 0.67027852 -0.28161862  0.68659861 -0.00453635]
 [ 0.          0.          0.          1.        ]]   0.8789348006248474
[[-0.05733725 -0.57326619  0.81736058  0.28536446]
 [-0.50897342  0.72110726  0.47005359 -0.07387453]
 [-0.85887048 -0.38906322 -0.33312356  0.09374188]
 [ 0.          0.          0.          1.        ]]   0.9242902398109436
[[-0.55596211  0.55568522  0.6181586   0.2412339 ]
 [ 0.33801038 -0.52827902  0.77889041  0.00693753]
 [ 0.75937811  0.64197758  0.10587575  0.05511856]
 [ 0.          0.          0.          1.        ]]   0.8987314105033875
[[-0.54415419  0.22371205  0.80860939  0.20824313]
 [-0.55642709  0.62510212 -0.54739038  0.03832806]
 [-0.62792127 -0.74779694 -0.21567249  0.08592778]
 [ 0.          0.          0.          1.        ]]   0.9276454448699951
[[ 0.77034926  0.5438759  -0.33280779  0.32923942]
 [ 0.16341864 -0.6729255  -0.72143303  0.07013587]
 [-0.61632488  0.5013684  -0.60726713  0.14402579]
 [ 0.          0.          0.          1.        ]]   0.92606520652771
[[ 0.93742519  0.32519444 -0.12442909  0.32769695]
 [ 0.20265922 -0.80018378 -0.56447778  0.05164081]
 [-0.28313118  0.50393898 -0.81601608  0.15999268]
 [ 0.          0.          0.          1.        ]]   0.8309993743896484
[[ 0.27945179  0.24864345  0.92740667  0.20345833]
 [-0.884572    0.44231312  0.14795771 -0.05034749]
 [-0.37341542 -0.86170502  0.34354822  0.0082174 ]
 [ 0.          0.          0.          1.        ]]   0.9912471175193787
[[ 0.82487286 -0.45872717  0.33038485  0.3250622 ]
 [ 0.02717455  0.61592206  0.78733828 -0.07637354]
 [-0.56466478 -0.64047592  0.52052309  0.06278514]
 [ 0.          0.          0.          1.        ]]   0.8919246792793274
[[-0.54972868  0.56360543  0.61656087  0.24238495]
 [ 0.33473315 -0.52761807  0.7807515   0.00712873]
 [ 0.76534443  0.63558485  0.10138936  0.05632565]
 [ 0.          0.          0.          1.        ]]   0.8168427348136902
[[ 0.02359808  0.17299611  0.98463977  0.1875065 ]
 [-0.90430342  0.42361805 -0.05275478 -0.02899254]
 [-0.42623755 -0.8891682   0.16643754  0.02458136]
 [ 0.          0.          0.          1.        ]]   0.8152351975440979
[[ 0.9716759   0.20927818  0.10976605  0.31623175]
 [ 0.23277067 -0.92775432 -0.29170145  0.02713394]
 [ 0.04078918  0.30898958 -0.95019034  0.15599487]
 [ 0.          0.          0.          1.        ]]   0.8769605159759521
[[ 0.58410651 -0.53451254  0.61083216  0.31469934]
 [-0.27983527  0.57380371  0.76970223 -0.07363096]
 [-0.76191325 -0.62052047  0.18558703  0.08422647]
 [ 0.          0.          0.          1.        ]]   0.8620455861091614
[[ 0.11850958 -0.89135516 -0.43754023  0.36936436]
 [ 0.76550784  0.36266578 -0.53148027  0.04967268]
 [ 0.63241855 -0.27195498  0.72531873 -0.00366454]
 [ 0.          0.          0.          1.        ]]   0.9580250382423401
[[ 0.09809654  0.19089404  0.97669675  0.19016074]
 [-0.90737929  0.42021632  0.00900379 -0.03564856]
 [-0.40870514 -0.88711764  0.21443507  0.01862754]
 [ 0.          0.          0.          1.        ]]   0.8751624226570129
[[-1.32627921e-01 -9.12705138e-01 -3.86496009e-01  3.55537963e-01]
 [ 6.16951292e-01  2.29171603e-01 -7.52895398e-01  7.65390197e-02]
 [ 7.75745408e-01 -3.38304164e-01  5.32700061e-01  1.78813428e-04]
 [ 0.00000000e+00  0.00000000e+00  0.00000000e+00  1.00000000e+00]]   0.9605751633644104
[[-0.44500288  0.16711545  0.87979819  0.19629352]
 [-0.69521     0.55480933 -0.45702261  0.02894029]
 [-0.56449579 -0.81502088 -0.13071142  0.07600112]
 [ 0.          0.          0.          1.        ]]   0.8902491927146912
[[ 0.90547287  0.38196181 -0.18499744  0.33145917]
 [ 0.17460776 -0.73257269 -0.6579129   0.0616453 ]
 [-0.38682168  0.56342029 -0.73001819  0.15249978]
 [ 0.          0.          0.          1.        ]]   0.8310756087303162
[[ 0.44037769  0.09677177  0.89258205  0.28082706]
 [-0.88652641  0.20401087  0.41527158 -0.06820439]
 [-0.14190987 -0.9741739   0.17563256  0.082196  ]
 [ 0.          0.          0.          1.        ]]   0.9687246084213257
[[ 0.57152623  0.7032151   0.42290223  0.26469682]
 [-0.80133222  0.58926891  0.10309617 -0.03425591]
 [-0.17670435 -0.39780735  0.90029156 -0.00744239]
 [ 0.          0.          0.          1.        ]]   0.8191943168640137
[[ 0.0770429   0.18818293  0.97910754  0.1903275 ]
 [-0.90888966  0.41694759 -0.00861899 -0.03357117]
 [-0.40985848 -0.88923669  0.20316038  0.01995473]
 [ 0.          0.          0.          1.        ]]   0.8253791928291321
[[ 0.06673924 -0.89955687 -0.431675    0.36574662]
 [ 0.73925749  0.33514336 -0.58410384  0.05780188]
 [ 0.67010763 -0.28013633  0.68737137 -0.00449795]
 [ 0.          0.          0.          1.        ]]   0.9040222764015198
[[ 0.56244051  0.7317431   0.38498404  0.26699128]
 [-0.8116575   0.57742621  0.08826708 -0.03195077]
 [-0.15771105 -0.36212017  0.91869266 -0.00707694]
 [ 0.          0.          0.          1.        ]]   0.802862823009491
[[-0.24297404  0.11587788  0.96308667  0.18506584]
 [-0.82494258  0.49764128 -0.26799794  0.00625079]
 [-0.51032672 -0.85960774 -0.02532132  0.05468672]
 [ 0.          0.          0.          1.        ]]   0.983187735080719
[[ 0.0644546  -0.89961017 -0.43191103  0.365997  ]
 [ 0.73930529  0.33375513 -0.58483776  0.05747532]
 [ 0.67027852 -0.28161862  0.68659861 -0.00453635]
 [ 0.          0.          0.          1.        ]]   0.8789348006248474
[[-0.05733725 -0.57326619  0.81736058  0.28536446]
 [-0.50897342  0.72110726  0.47005359 -0.07387453]
 [-0.85887048 -0.38906322 -0.33312356  0.09374188]
 [ 0.          0.          0.          1.        ]]   0.9242902398109436
[[-0.55596211  0.55568522  0.6181586   0.2412339 ]
 [ 0.33801038 -0.52827902  0.77889041  0.00693753]
 [ 0.75937811  0.64197758  0.10587575  0.05511856]
 [ 0.          0.          0.          1.        ]]   0.8987314105033875
[[ 5.01343534e-01 -7.67594083e-01 -3.99316897e-01  3.74559899e-01]
 [ 8.28646738e-01  5.58755942e-01 -3.37102451e-02 -1.40094007e-02]
 [ 2.48996473e-01 -3.13992230e-01  9.16193012e-01  1.33509344e-05]
 [ 0.00000000e+00  0.00000000e+00  0.00000000e+00  1.00000000e+00]]   0.9597979187965393
[[-0.54415419  0.22371205  0.80860939  0.20824313]
 [-0.55642709  0.62510212 -0.54739038  0.03832806]
 [-0.62792127 -0.74779694 -0.21567249  0.08592778]
 [ 0.          0.          0.          1.        ]]   0.9276454448699951
[[ 0.77034926  0.5438759  -0.33280779  0.32923942]
 [ 0.16341864 -0.6729255  -0.72143303  0.07013587]
