[[ 0.16801385 -0.23057329 -0.95844004  0.39841927]
 [-0.95481239 -0.27986264 -0.10005098 -0.00701669]
 [-0.24516248  0.93194038 -0.26717503  0.1034214 ]
 [ 0.          0.          0.          1.        ]]   0.8873176574707031
[[-0.58347187 -0.72796058 -0.36004717  0.35611508]
 [ 0.28479609  0.23177848 -0.93014511  0.09579902]
 [ 0.76056016 -0.64525353  0.0720841   0.039677  ]
 [ 0.          0.          0.          1.        ]]   0.8911585211753845
[[-0.24842188 -0.91161763  0.32747498  0.31451298]
 [ 0.04320124  0.32730942  0.94392913 -0.08762557]
 [-0.96768808  0.24863997 -0.04192781  0.06246674]
 [ 0.          0.          0.          1.        ]]   0.8426533937454224
[[-0.29393503 -0.89036083  0.34764895  0.31407436]
 [ 0.04803193  0.34949732  0.93570538 -0.08753759]
 [-0.95461779  0.29173483 -0.05996375  0.06191247]
 [ 0.          0.          0.          1.        ]]   0.9639496803283691
[[ 0.57513958 -0.45231978 -0.68163134  0.3837486 ]
 [ 0.70273587  0.69972825  0.12861833 -0.04064043]
 [ 0.41878009 -0.55298028  0.72030275  0.00825189]
 [ 0.          0.          0.          1.        ]]   0.9347620606422424
[[-0.46445    -0.73215595 -0.49823073  0.36654818]
 [ 0.38345189  0.34086389 -0.85835684  0.08052422]
 [ 0.79827993 -0.58971135  0.12243235  0.03036598]
 [ 0.          0.          0.          1.        ]]   0.9342060685157776
[[-0.80997585  0.52792473 -0.25541065  0.24392062]
 [-0.55183256 -0.53863216  0.63667591 -0.01378991]
 [ 0.19854457  0.65663603  0.7276051   0.0458377 ]
 [ 0.          0.          0.          1.        ]]   0.8182194232940674
[[ 0.0866447  -0.60420152 -0.79210682  0.38616496]
 [ 0.70866264  0.59621387 -0.37726157  0.02066303]
 [ 0.70020709 -0.52864879  0.47983382  0.00777397]
 [ 0.          0.          0.          1.        ]]   0.9186776280403137
[[-0.13162952  0.74160784 -0.65779289  0.34967039]
 [-0.98984374 -0.06238755  0.12773864  0.02106796]
 [ 0.05369389  0.66792635  0.74228792 -0.00511698]
 [ 0.          0.          0.          1.        ]]   0.8210053443908691
[[ 0.44409086 -0.71565455 -0.53909356  0.36807999]
 [-0.89562526 -0.3375999  -0.28962336 -0.00621418]
 [ 0.02527234  0.6114449  -0.79088333  0.16233952]
 [ 0.          0.          0.          1.        ]]   0.9357331395149231
[[ 0.16801385 -0.23057329 -0.95844004  0.39841927]
 [-0.95481239 -0.27986264 -0.10005098 -0.00701669]
 [-0.24516248  0.93194038 -0.26717503  0.1034214 ]
 [ 0.          0.          0.          1.        ]]   0.8873176574707031
[[-0.90042753  0.10018551  0.42331209  0.26942075]
 [-0.32918131  0.47922874 -0.81362121  0.06991159]
 [-0.28437638 -0.87195337 -0.39853155  0.13659628]
 [ 0.          0.          0.          1.        ]]   0.8577024936676025
[[-9.05140747e-01  3.37301970e-01  2.58742360e-01  2.30770320e-01]
 [-7.41647251e-02 -7.24603847e-01  6.85163381e-01 -8.17329252e-04]
 [ 4.18592667e-01  6.00979739e-01  6.80884376e-01  5.50804230e-02]
 [ 0.00000000e+00  0.00000000e+00  0.00000000e+00  1.00000000e+00]]   0.9375631213188171
[[ 0.2031537   0.86299217  0.46257225  0.20831753]
 [-0.94868957  0.29039773 -0.12512893  0.01261958]
 [-0.24231522 -0.41341706  0.87770705 -0.01370036]
 [ 0.          0.          0.          1.        ]]   0.9209566116333008
[[-0.58347187 -0.72796058 -0.36004717  0.35611508]
 [ 0.28479609  0.23177848 -0.93014511  0.09579902]
 [ 0.76056016 -0.64525353  0.0720841   0.039677  ]
 [ 0.          0.          0.          1.        ]]   0.8911585211753845
[[-0.09499421  0.87511789 -0.47449424  0.27901496]
 [-0.75403066  0.24794381  0.60824471 -0.04566441]
 [ 0.64993373  0.41556293  0.63631249  0.07291698]
 [ 0.          0.          0.          1.        ]]   0.8741880655288696
[[ 0.26794953 -0.93570204  0.22948801  0.32108001]
 [ 0.08068472  0.25915553  0.96245955 -0.08864157]
 [-0.96004845 -0.23937441  0.14493746  0.05294577]
 [ 0.          0.          0.          1.        ]]   0.9383752346038818
[[ 0.12866295  0.82036314  0.55718056  0.20070448]
 [-0.93782082  0.28330896 -0.20056952  0.01469847]
 [-0.32239409 -0.49672966  0.805805   -0.00851247]
 [ 0.          0.          0.          1.        ]]   0.9736598134040833
[[-0.24842188 -0.91161763  0.32747498  0.31451298]
 [ 0.04320124  0.32730942  0.94392913 -0.08762557]
 [-0.96768808  0.24863997 -0.04192781  0.06246674]
 [ 0.          0.          0.          1.        ]]   0.8426533937454224
[[-0.69762786 -0.68770026 -0.20095699  0.34092198]
 [ 0.17674769  0.10662357 -0.97846393  0.11035274]
 [ 0.69431666 -0.71812239  0.04716585  0.0462666 ]
 [ 0.          0.          0.          1.        ]]   0.8284828066825867
[[-0.29393503 -0.89036083  0.34764895  0.31407436]
 [ 0.04803193  0.34949732  0.93570538 -0.08753759]
 [-0.95461779  0.29173483 -0.05996375  0.06191247]
 [ 0.          0.          0.          1.        ]]   0.9639837741851807
[[ 0.57513958 -0.45231978 -0.68163134  0.3837486 ]
 [ 0.70273587  0.69972825  0.12861833 -0.04064043]
 [ 0.41878009 -0.55298028  0.72030275  0.00825189]
 [ 0.          0.          0.          1.        ]]   0.9347620606422424
[[-0.46445    -0.73215595 -0.49823073  0.36654818]
 [ 0.38345189  0.34086389 -0.85835684  0.08052422]
 [ 0.79827993 -0.58971135  0.12243235  0.03036598]
 [ 0.          0.          0.          1.        ]]   0.9342060685157776
[[-0.46094989 -0.71573993  0.52463469  0.27757067]
 [ 0.19019619  0.49776986  0.84619772 -0.06935302]
 [-0.86680483  0.48983826 -0.09331596  0.08173201]
 [ 0.          0.          0.          1.        ]]   0.9803434610366821
[[-0.80997585  0.52792473 -0.25541065  0.24392062]
 [-0.55183256 -0.53863216  0.63667591 -0.01378991]
 [ 0.19854457  0.65663603  0.7276051   0.0458377 ]
 [ 0.          0.          0.          1.        ]]   0.8182194232940674
[[ 0.0866447  -0.60420152 -0.79210682  0.38616496]
 [ 0.70866264  0.59621387 -0.37726157  0.02066303]
 [ 0.70020709 -0.52864879  0.47983382  0.00777397]
 [ 0.          0.          0.          1.        ]]   0.9186776280403137
[[-0.13162952  0.74160784 -0.65779289  0.34967039]
 [-0.98984374 -0.06238755  0.12773864  0.02106796]
 [ 0.05369389  0.66792635  0.74228792 -0.00511698]
 [ 0.          0.          0.          1.        ]]   0.8210053443908691
[[ 0.44409086 -0.71565455 -0.53909356  0.36807999]
 [-0.89562526 -0.3375999  -0.28962336 -0.00621418]
 [ 0.02527234  0.6114449  -0.79088333  0.16233952]
 [ 0.          0.          0.          1.        ]]   0.9357331395149231
[[ 4.41615627e-02  7.99838035e-01  5.98589069e-01  1.96611382e-01]
 [-9.25162889e-01  2.58847131e-01 -2.77618069e-01  1.86239289e-02]
 [-3.76992554e-01 -5.41532345e-01  7.51411561e-01 -7.96882599e-04]
 [ 0.00000000e+00  0.00000000e+00  0.00000000e+00  1.00000000e+00]]   0.9838907122612
[[ 0.16801385 -0.23057329 -0.95844004  0.39841927]
 [-0.95481239 -0.27986264 -0.10005098 -0.00701669]
 [-0.24516248  0.93194038 -0.26717503  0.1034214 ]
 [ 0.          0.          0.          1.        ]]   0.8873176574707031
[[-9.05140747e-01  3.37301970e-01  2.58742360e-01  2.30770320e-01]
 [-7.41647251e-02 -7.24603847e-01  6.85163381e-01 -8.17329252e-04]
 [ 4.18592667e-01  6.00979739e-01  6.80884376e-01  5.50804230e-02]
 [ 0.00000000e+00  0.00000000e+00  0.00000000e+00  1.00000000e+00]]   0.9375631213188171
[[ 0.24293056  0.94016464  0.23890417  0.22533369]
 [-0.96607122  0.25674939 -0.02803836  0.0088231 ]
 [-0.08769918 -0.22398706  0.97063827 -0.01442703]
 [ 0.          0.          0.          1.        ]]   0.8747329115867615
[[ 0.2031537   0.86299217  0.46257225  0.20831753]
 [-0.94868957  0.29039773 -0.12512893  0.01261958]
 [-0.24231522 -0.41341706  0.87770705 -0.01370036]
 [ 0.          0.          0.          1.        ]]   0.9209566116333008
[[-0.09499421  0.87511789 -0.47449424  0.27901496]
 [-0.75403066  0.24794381  0.60824471 -0.04566441]
 [ 0.64993373  0.41556293  0.63631249  0.07291698]
 [ 0.          0.          0.          1.        ]]   0.8989827632904053
[[ 0.26794953 -0.93570204  0.22948801  0.32108001]
 [ 0.08068472  0.25915553  0.96245955 -0.08864157]
 [-0.96004845 -0.23937441  0.14493746  0.05294577]
 [ 0.          0.          0.          1.        ]]   0.9383752346038818
[[ 0.12866295  0.82036314  0.55718056  0.20070448]
 [-0.93782082  0.28330896 -0.20056952  0.01469847]
 [-0.32239409 -0.49672966  0.805805   -0.00851247]
 [ 0.          0.          0.          1.        ]]   0.9736598134040833
[[-0.24842188 -0.91161763  0.32747498  0.31451298]
 [ 0.04320124  0.32730942  0.94392913 -0.08762557]
 [-0.96768808  0.24863997 -0.04192781  0.06246674]
 [ 0.          0.          0.          1.        ]]   0.8426533937454224
[[-0.69762786 -0.68770026 -0.20095699  0.34092198]
 [ 0.17674769  0.10662357 -0.97846393  0.11035274]
 [ 0.69431666 -0.71812239  0.04716585  0.0462666 ]
 [ 0.          0.          0.          1.        ]]   0.8284828066825867
[[-0.29393503 -0.89036083  0.34764895  0.31407436]
 [ 0.04803193  0.34949732  0.93570538 -0.08753759]
 [-0.95461779  0.29173483 -0.05996375  0.06191247]
 [ 0.          0.          0.          1.        ]]   0.9639837741851807
[[ 0.12609922 -0.74866337  0.65084725  0.28499288]
 [ 0.25332381  0.65863386  0.70853969 -0.06499112]
 [-0.95912775  0.0755288   0.27270748  0.07410079]
 [ 0.          0.          0.          1.        ]]   0.926191508769989
[[ 0.57513958 -0.45231978 -0.68163134  0.3837486 ]
 [ 0.70273587  0.69972825  0.12861833 -0.04064043]
 [ 0.41878009 -0.55298028  0.72030275  0.00825189]
 [ 0.          0.          0.          1.        ]]   0.9347620606422424
[[-0.46445    -0.73215595 -0.49823073  0.36654818]
 [ 0.38345189  0.34086389 -0.85835684  0.08052422]
 [ 0.79827993 -0.58971135  0.12243235  0.03036598]
 [ 0.          0.          0.          1.        ]]   0.9342060685157776
[[-0.46094989 -0.71573993  0.52463469  0.27757067]
 [ 0.19019619  0.49776986  0.84619772 -0.06935302]
 [-0.86680483  0.48983826 -0.09331596  0.08173201]
 [ 0.          0.          0.          1.        ]]   0.9803434610366821
[[ 0.0866447  -0.60420152 -0.79210682  0.38616496]
 [ 0.70866264  0.59621387 -0.37726157  0.02066303]
 [ 0.70020709 -0.52864879  0.47983382  0.00777397]
 [ 0.          0.          0.          1.        ]]   0.9186776280403137
[[-0.13162952  0.74160784 -0.65779289  0.34967039]
 [-0.98984374 -0.06238755  0.12773864  0.02106796]
 [ 0.05369389  0.66792635  0.74228792 -0.00511698]
 [ 0.          0.          0.          1.        ]]   0.8210053443908691
[[ 0.44409086 -0.71565455 -0.53909356  0.36807999]
 [-0.89562526 -0.3375999  -0.28962336 -0.00621418]
 [ 0.02527234  0.6114449  -0.79088333  0.16233952]
 [ 0.          0.          0.          1.        ]]   0.9357331395149231
[[ 4.41615627e-02  7.99838035e-01  5.98589069e-01  1.96611382e-01]
 [-9.25162889e-01  2.58847131e-01 -2.77618069e-01  1.86239289e-02]
 [-3.76992554e-01 -5.41532345e-01  7.51411561e-01 -7.96882599e-04]
 [ 0.00000000e+00  0.00000000e+00  0.00000000e+00  1.00000000e+00]]   0.9838907122612
[[ 0.16801385 -0.23057329 -0.95844004  0.39841927]
 [-0.95481239 -0.27986264 -0.10005098 -0.00701669]
 [-0.24516248  0.93194038 -0.26717503  0.1034214 ]
 [ 0.          0.          0.          1.        ]]   0.8873176574707031
[[-9.05140747e-01  3.37301970e-01  2.58742360e-01  2.30770320e-01]
 [-7.41647251e-02 -7.24603847e-01  6.85163381e-01 -8.17329252e-04]
 [ 4.18592667e-01  6.00979739e-01  6.80884376e-01  5.50804230e-02]
 [ 0.00000000e+00  0.00000000e+00  0.00000000e+00  1.00000000e+00]]   0.9375631213188171
[[-0.86401481 -0.41256955  0.28855637  0.28257955]
 [-0.14818764 -0.3393546  -0.92891274  0.14546457]
 [ 0.48116405 -0.84535485  0.23206969  0.03877951]
 [ 0.          0.          0.          1.        ]]   0.8588849902153015
[[ 0.24293056  0.94016464  0.23890417  0.22533369]
 [-0.96607122  0.25674939 -0.02803836  0.0088231 ]
 [-0.08769918 -0.22398706  0.97063827 -0.01442703]
 [ 0.          0.          0.          1.        ]]   0.8747329115867615
[[ 0.2031537   0.86299217  0.46257225  0.20831753]
 [-0.94868957  0.29039773 -0.12512893  0.01261958]
 [-0.24231522 -0.41341706  0.87770705 -0.01370036]
 [ 0.          0.          0.          1.        ]]   0.9209566116333008
[[-0.09499421  0.87511789 -0.47449424  0.27901496]
 [-0.75403066  0.24794381  0.60824471 -0.04566441]
 [ 0.64993373  0.41556293  0.63631249  0.07291698]
 [ 0.          0.          0.          1.        ]]   0.9608346223831177
[[ 0.26794953 -0.93570204  0.22948801  0.32108001]
 [ 0.08068472  0.25915553  0.96245955 -0.08864157]
 [-0.96004845 -0.23937441  0.14493746  0.05294577]
 [ 0.          0.          0.          1.        ]]   0.9383752346038818
[[ 0.12866295  0.82036314  0.55718056  0.20070448]
 [-0.93782082  0.28330896 -0.20056952  0.01469847]
 [-0.32239409 -0.49672966  0.805805   -0.00851247]
 [ 0.          0.          0.          1.        ]]   0.9736598134040833
[[-0.24842188 -0.91161763  0.32747498  0.31451298]
 [ 0.04320124  0.32730942  0.94392913 -0.08762557]
 [-0.96768808  0.24863997 -0.04192781  0.06246674]
 [ 0.          0.          0.          1.        ]]   0.8426533937454224
[[-0.41239678  0.74269862  0.52756768  0.23151647]
 [-0.64269708  0.17323995 -0.74627634  0.0730324 ]
 [-0.64565421 -0.64682817  0.40588664  0.05288854]
 [ 0.          0.          0.          1.        ]]   0.8331319093704224
[[-0.56283053  0.69999854 -0.43957234  0.26981454]
 [-0.68365681 -0.09532876  0.72355082 -0.03493084]
 [ 0.46458063  0.70775312  0.53221271  0.06272726]
 [ 0.          0.          0.          1.        ]]   0.8067047595977783
[[-0.69762786 -0.68770026 -0.20095699  0.34092198]
 [ 0.17674769  0.10662357 -0.97846393  0.11035274]
 [ 0.69431666 -0.71812239  0.04716585  0.0462666 ]
 [ 0.          0.          0.          1.        ]]   0.8284828066825867
[[-0.29393503 -0.89036083  0.34764895  0.31407436]
 [ 0.04803193  0.34949732  0.93570538 -0.08753759]
 [-0.95461779  0.29173483 -0.05996375  0.06191247]
 [ 0.          0.          0.          1.        ]]   0.9639837741851807
[[ 0.12609922 -0.74866337  0.65084725  0.28499288]
 [ 0.25332381  0.65863386  0.70853969 -0.06499112]
 [-0.95912775  0.0755288   0.27270748  0.07410079]
 [ 0.          0.          0.          1.        ]]   0.926191508769989
[[ 0.57513958 -0.45231978 -0.68163134  0.3837486 ]
 [ 0.70273587  0.69972825  0.12861833 -0.04064043]
 [ 0.41878009 -0.55298028  0.72030275  0.00825189]
 [ 0.          0.          0.          1.        ]]   0.9347620606422424
[[-0.46445    -0.73215595 -0.49823073  0.36654818]
 [ 0.38345189  0.34086389 -0.85835684  0.08052422]
 [ 0.79827993 -0.58971135  0.12243235  0.03036598]
 [ 0.          0.          0.          1.        ]]   0.8312665224075317
[[ 0.08735572  0.80944298  0.58066431  0.19836287]
 [-0.93322061  0.27042603 -0.2365778   0.01628701]
 [-0.34852298 -0.52122148  0.77901213 -0.00498677]
 [ 0.          0.          0.          1.        ]]   0.9027422666549683
[[-0.46094989 -0.71573993  0.52463469  0.27757067]
 [ 0.19019619  0.49776986  0.84619772 -0.06935302]
 [-0.86680483  0.48983826 -0.09331596  0.08173201]
 [ 0.          0.          0.          1.        ]]   0.9803434610366821
[[ 0.0866447  -0.60420152 -0.79210682  0.38616496]
 [ 0.70866264  0.59621387 -0.37726157  0.02066303]
 [ 0.70020709 -0.52864879  0.47983382  0.00777397]
 [ 0.          0.          0.          1.        ]]   0.9186776280403137
[[-0.13162952  0.74160784 -0.65779289  0.34967039]
 [-0.98984374 -0.06238755  0.12773864  0.02106796]
 [ 0.05369389  0.66792635  0.74228792 -0.00511698]
 [ 0.          0.          0.          1.        ]]   0.8210053443908691
[[-1.39359163e-01  7.19719997e-01 -6.80133921e-01  3.63999251e-01]
 [-9.88350228e-01 -5.86605542e-02  1.40437763e-01  1.77501323e-02]
 [ 6.11788339e-02  6.91781805e-01  7.19510309e-01  7.56533653e-04]
 [ 0.00000000e+00  0.00000000e+00  0.00000000e+00  1.00000000e+00]]   0.8954297304153442
[[ 0.13206788  0.81958911  0.55752289  0.20141406]
 [-0.93423958  0.2909002  -0.2063334   0.01536861]
 [-0.33129213 -0.49360994  0.80411116 -0.00896207]
 [ 0.          0.          0.          1.        ]]   0.9838128089904785
[[ 0.44409086 -0.71565455 -0.53909356  0.36807999]
 [-0.89562526 -0.3375999  -0.28962336 -0.00621418]
 [ 0.02527234  0.6114449  -0.79088333  0.16233952]
 [ 0.          0.          0.          1.        ]]   0.9357331395149231
[[ 0.16801385 -0.23057329 -0.95844004  0.39841927]
 [-0.95481239 -0.27986264 -0.10005098 -0.00701669]
 [-0.24516248  0.93194038 -0.26717503  0.1034214 ]
 [ 0.          0.          0.          1.        ]]   0.8873176574707031
[[-9.05140747e-01  3.37301970e-01  2.58742360e-01  2.30770320e-01]
 [-7.41647251e-02 -7.24603847e-01  6.85163381e-01 -8.17329252e-04]
 [ 4.18592667e-01  6.00979739e-01  6.80884376e-01  5.50804230e-02]
 [ 0.00000000e+00  0.00000000e+00  0.00000000e+00  1.00000000e+00]]   0.9064965844154358
[[-0.86401481 -0.41256955  0.28855637  0.28257955]
 [-0.14818764 -0.3393546  -0.92891274  0.14546457]
 [ 0.48116405 -0.84535485  0.23206969  0.03877951]
 [ 0.          0.          0.          1.        ]]   0.8588849902153015
[[ 0.24293056  0.94016464  0.23890417  0.22533369]
 [-0.96607122  0.25674939 -0.02803836  0.0088231 ]
 [-0.08769918 -0.22398706  0.97063827 -0.01442703]
 [ 0.          0.          0.          1.        ]]   0.8747329115867615
[[ 0.2031537   0.86299217  0.46257225  0.20831753]
 [-0.94868957  0.29039773 -0.12512893  0.01261958]
 [-0.24231522 -0.41341706  0.87770705 -0.01370036]
 [ 0.          0.          0.          1.        ]]   0.9209566116333008
[[-0.09499421  0.87511789 -0.47449424  0.27901496]
 [-0.75403066  0.24794381  0.60824471 -0.04566441]
 [ 0.64993373  0.41556293  0.63631249  0.07291698]
 [ 0.          0.          0.          1.        ]]   0.9608346223831177
[[-0.55676594  0.71003712 -0.43111364  0.27072912]
 [-0.67549401 -0.08495419  0.73245521 -0.0364685 ]
 [ 0.48344548  0.69902079  0.52692542  0.06294754]
 [ 0.          0.          0.          1.        ]]   0.8142633438110352
[[ 0.12866295  0.82036314  0.55718056  0.20070448]
 [-0.93782082  0.28330896 -0.20056952  0.01469847]
 [-0.32239409 -0.49672966  0.805805   -0.00851247]
 [ 0.          0.          0.          1.        ]]   0.9736598134040833
[[-0.24842188 -0.91161763  0.32747498  0.31451298]
 [ 0.04320124  0.32730942  0.94392913 -0.08762557]
 [-0.96768808  0.24863997 -0.04192781  0.06246674]
 [ 0.          0.          0.          1.        ]]   0.8426533937454224
[[-0.56283053  0.69999854 -0.43957234  0.26981454]
 [-0.68365681 -0.09532876  0.72355082 -0.03493084]
 [ 0.46458063  0.70775312  0.53221271  0.06272726]
 [ 0.          0.          0.          1.        ]]   0.8067047595977783
[[-0.69762786 -0.68770026 -0.20095699  0.34092198]
 [ 0.17674769  0.10662357 -0.97846393  0.11035274]
 [ 0.69431666 -0.71812239  0.04716585  0.0462666 ]
 [ 0.          0.          0.          1.        ]]   0.8284828066825867
[[-0.29393503 -0.89036083  0.34764895  0.31407436]
 [ 0.04803193  0.34949732  0.93570538 -0.08753759]
 [-0.95461779  0.29173483 -0.05996375  0.06191247]
 [ 0.          0.          0.          1.        ]]   0.9639837741851807
[[ 0.12609922 -0.74866337  0.65084725  0.28499288]
 [ 0.25332381  0.65863386  0.70853969 -0.06499112]
 [-0.95912775  0.0755288   0.27270748  0.07410079]
 [ 0.          0.          0.          1.        ]]   0.926191508769989
[[-0.46445    -0.73215595 -0.49823073  0.36654818]
 [ 0.38345189  0.34086389 -0.85835684  0.08052422]
 [ 0.79827993 -0.58971135  0.12243235  0.03036598]
 [ 0.          0.          0.          1.        ]]   0.8312665224075317
[[ 0.08735572  0.80944298  0.58066431  0.19836287]
 [-0.93322061  0.27042603 -0.2365778   0.01628701]
 [-0.34852298 -0.52122148  0.77901213 -0.00498677]
 [ 0.          0.          0.          1.        ]]   0.9027422666549683
[[-0.0275484   0.15342661 -0.98777597  0.40273663]
 [-0.96611019 -0.25779746 -0.01309831 -0.00436346]
 [-0.25665577  0.95393959  0.15532892  0.06926503]
 [ 0.          0.          0.          1.        ]]   0.8131778836250305
[[-0.1342049   0.74011948 -0.6589478   0.35380516]
 [-0.98888292 -0.05705984  0.13731259  0.01979871]
 [ 0.06402827  0.67005024  0.73954922 -0.0041553 ]
 [ 0.          0.          0.          1.        ]]   0.8555550575256348
[[-0.46094989 -0.71573993  0.52463469  0.27757067]
 [ 0.19019619  0.49776986  0.84619772 -0.06935302]
 [-0.86680483  0.48983826 -0.09331596  0.08173201]
 [ 0.          0.          0.          1.        ]]   0.9803434610366821
[[ 0.0866447  -0.60420152 -0.79210682  0.38616496]
 [ 0.70866264  0.59621387 -0.37726157  0.02066303]
 [ 0.70020709 -0.52864879  0.47983382  0.00777397]
 [ 0.          0.          0.          1.        ]]   0.9186776280403137
[[ 0.90185893 -0.11487285  0.41647893  0.28626745]
 [-0.09717553  0.88536452  0.45462795 -0.05922259]
 [-0.42096008 -0.45048184  0.78731107  0.07824345]
 [ 0.          0.          0.          1.        ]]   0.8435137271881104
[[ 0.56840293 -0.45027429 -0.68860088  0.38369904]
 [ 0.69379582  0.71217871  0.1069993  -0.03671377]
 [ 0.44222785 -0.53856713  0.71720288  0.00860512]
 [ 0.          0.          0.          1.        ]]   0.8430621027946472
[[-0.13162952  0.74160784 -0.65779289  0.34967039]
 [-0.98984374 -0.06238755  0.12773864  0.02106796]
 [ 0.05369389  0.66792635  0.74228792 -0.00511698]
 [ 0.          0.          0.          1.        ]]   0.8210053443908691
[[ 0.23041722  0.96722117  0.10672911  0.23414493]
 [-0.97207095  0.23380978 -0.02027448  0.00828625]
 [-0.04456422 -0.09907667  0.99408141 -0.01509344]
 [ 0.          0.          0.          1.        ]]   0.9607248902320862
[[-1.39359163e-01  7.19719997e-01 -6.80133921e-01  3.63999251e-01]
 [-9.88350228e-01 -5.86605542e-02  1.40437763e-01  1.77501323e-02]
 [ 6.11788339e-02  6.91781805e-01  7.19510309e-01  7.56533653e-04]
 [ 0.00000000e+00  0.00000000e+00  0.00000000e+00  1.00000000e+00]]   0.8954297304153442
[[ 0.13206788  0.81958911  0.55752289  0.20141406]
 [-0.93423958  0.2909002  -0.2063334   0.01536861]
 [-0.33129213 -0.49360994  0.80411116 -0.00896207]
 [ 0.          0.          0.          1.        ]]   0.9838128089904785
[[ 0.44409086 -0.71565455 -0.53909356  0.36807999]
 [-0.89562526 -0.3375999  -0.28962336 -0.00621418]
 [ 0.02527234  0.6114449  -0.79088333  0.16233952]
 [ 0.          0.          0.          1.        ]]   0.9357331395149231
[[ 0.16801385 -0.23057329 -0.95844004  0.39841927]
 [-0.95481239 -0.27986264 -0.10005098 -0.00701669]
 [-0.24516248  0.93194038 -0.26717503  0.1034214 ]
 [ 0.          0.          0.          1.        ]]   0.8873176574707031
[[-9.05140747e-01  3.37301970e-01  2.58742360e-01  2.30770320e-01]
 [-7.41647251e-02 -7.24603847e-01  6.85163381e-01 -8.17329252e-04]
 [ 4.18592667e-01  6.00979739e-01  6.80884376e-01  5.50804230e-02]
 [ 0.00000000e+00  0.00000000e+00  0.00000000e+00  1.00000000e+00]]   0.9064965844154358
[[-0.86401481 -0.41256955  0.28855637  0.28257955]
 [-0.14818764 -0.3393546  -0.92891274  0.14546457]
 [ 0.48116405 -0.84535485  0.23206969  0.03877951]
 [ 0.          0.          0.          1.        ]]   0.8588849902153015
[[ 0.24293056  0.94016464  0.23890417  0.22533369]
 [-0.96607122  0.25674939 -0.02803836  0.0088231 ]
 [-0.08769918 -0.22398706  0.97063827 -0.01442703]
 [ 0.          0.          0.          1.        ]]   0.8747329115867615
[[-0.09499421  0.87511789 -0.47449424  0.27901496]
 [-0.75403066  0.24794381  0.60824471 -0.04566441]
 [ 0.64993373  0.41556293  0.63631249  0.07291698]
 [ 0.          0.          0.          1.        ]]   0.9608346223831177
[[-0.55676594  0.71003712 -0.43111364  0.27072912]
 [-0.67549401 -0.08495419  0.73245521 -0.0364685 ]
 [ 0.48344548  0.69902079  0.52692542  0.06294754]
 [ 0.          0.          0.          1.        ]]   0.8142633438110352
[[ 0.12866295  0.82036314  0.55718056  0.20070448]
 [-0.93782082  0.28330896 -0.20056952  0.01469847]
 [-0.32239409 -0.49672966  0.805805   -0.00851247]
 [ 0.          0.          0.          1.        ]]   0.8213742971420288
[[-0.24842188 -0.91161763  0.32747498  0.31451298]
 [ 0.04320124  0.32730942  0.94392913 -0.08762557]
 [-0.96768808  0.24863997 -0.04192781  0.06246674]
 [ 0.          0.          0.          1.        ]]   0.9716818332672119
[[-0.56283053  0.69999854 -0.43957234  0.26981454]
 [-0.68365681 -0.09532876  0.72355082 -0.03493084]
 [ 0.46458063  0.70775312  0.53221271  0.06272726]
 [ 0.          0.          0.          1.        ]]   0.8067047595977783
[[-0.29393503 -0.89036083  0.34764895  0.31407436]
 [ 0.04803193  0.34949732  0.93570538 -0.08753759]
 [-0.95461779  0.29173483 -0.05996375  0.06191247]
 [ 0.          0.          0.          1.        ]]   0.9639837741851807
[[ 0.12609922 -0.74866337  0.65084725  0.28499288]
 [ 0.25332381  0.65863386  0.70853969 -0.06499112]
 [-0.95912775  0.0755288   0.27270748  0.07410079]
 [ 0.          0.          0.          1.        ]]   0.926191508769989
[[-0.46445    -0.73215595 -0.49823073  0.36654818]
 [ 0.38345189  0.34086389 -0.85835684  0.08052422]
 [ 0.79827993 -0.58971135  0.12243235  0.03036598]
 [ 0.          0.          0.          1.        ]]   0.8312665224075317
[[ 0.08735572  0.80944298  0.58066431  0.19836287]
 [-0.93322061  0.27042603 -0.2365778   0.01628701]
 [-0.34852298 -0.52122148  0.77901213 -0.00498677]
 [ 0.          0.          0.          1.        ]]   0.9027422666549683
[[-0.0275484   0.15342661 -0.98777597  0.40273663]
 [-0.96611019 -0.25779746 -0.01309831 -0.00436346]
 [-0.25665577  0.95393959  0.15532892  0.06926503]
 [ 0.          0.          0.          1.        ]]   0.8131778836250305
[[-0.08946562  0.86995648 -0.48494497  0.27827661]
 [-0.76599388  0.25110369  0.59177725 -0.04418657]
 [ 0.63659193  0.42440859  0.64391619  0.07363483]
 [ 0.          0.          0.          1.        ]]   0.8242996335029602
[[ 0.67255235 -0.48354709  0.56022812  0.28738791]
 [ 0.1216359   0.81894694  0.5608303  -0.06169644]
 [-0.72998496 -0.30904388  0.60960137  0.07551431]
 [ 0.          0.          0.          1.        ]]   0.9824106693267822
[[-0.1342049   0.74011948 -0.6589478   0.35380516]
 [-0.98888292 -0.05705984  0.13731259  0.01979871]
 [ 0.06402827  0.67005024  0.73954922 -0.0041553 ]
 [ 0.          0.          0.          1.        ]]   0.8555550575256348
[[-0.46094989 -0.71573993  0.52463469  0.27757067]
 [ 0.19019619  0.49776986  0.84619772 -0.06935302]
 [-0.86680483  0.48983826 -0.09331596  0.08173201]
 [ 0.          0.          0.          1.        ]]   0.9803434610366821
[[ 0.0866447  -0.60420152 -0.79210682  0.38616496]
 [ 0.70866264  0.59621387 -0.37726157  0.02066303]
 [ 0.70020709 -0.52864879  0.47983382  0.00777397]
 [ 0.          0.          0.          1.        ]]   0.9186776280403137
[[ 0.21233867 -0.5987088  -0.77230827  0.38854632]
 [ 0.72554931  0.62601046 -0.28581306  0.00920406]
 [ 0.65459185 -0.49965857  0.56731898  0.00369936]
 [ 0.          0.          0.          1.        ]]   0.9646689891815186
[[-0.13569082  0.76161453  0.63366498  0.19221368]
 [-0.850213    0.2388475  -0.46913722  0.03369616]
 [-0.50865102 -0.60240781  0.61512516  0.02139648]
 [ 0.          0.          0.          1.        ]]   0.9271199107170105
[[ 0.90185893 -0.11487285  0.41647893  0.28626745]
 [-0.09717553  0.88536452  0.45462795 -0.05922259]
 [-0.42096008 -0.45048184  0.78731107  0.07824345]
 [ 0.          0.          0.          1.        ]]   0.8435137271881104
[[ 0.56840293 -0.45027429 -0.68860088  0.38369904]
 [ 0.69379582  0.71217871  0.1069993  -0.03671377]
 [ 0.44222785 -0.53856713  0.71720288  0.00860512]
 [ 0.          0.          0.          1.        ]]   0.8430621027946472
[[-0.13162952  0.74160784 -0.65779289  0.34967039]
 [-0.98984374 -0.06238755  0.12773864  0.02106796]
 [ 0.05369389  0.66792635  0.74228792 -0.00511698]
 [ 0.          0.          0.          1.        ]]   0.8210053443908691
[[ 0.23041722  0.96722117  0.10672911  0.23414493]
 [-0.97207095  0.23380978 -0.02027448  0.00828625]
 [-0.04456422 -0.09907667  0.99408141 -0.01509344]
 [ 0.          0.          0.          1.        ]]   0.9607248902320862
[[ 0.13206788  0.81958911  0.55752289  0.20141406]
 [-0.93423958  0.2909002  -0.2063334   0.01536861]
 [-0.33129213 -0.49360994  0.80411116 -0.00896207]
 [ 0.          0.          0.          1.        ]]   0.9326292872428894
[[ 0.44409086 -0.71565455 -0.53909356  0.36807999]
 [-0.89562526 -0.3375999  -0.28962336 -0.00621418]
 [ 0.02527234  0.6114449  -0.79088333  0.16233952]
 [ 0.          0.          0.          1.        ]]   0.9822953939437866
[[ 0.16801385 -0.23057329 -0.95844004  0.39841927]
 [-0.95481239 -0.27986264 -0.10005098 -0.00701669]
 [-0.24516248  0.93194038 -0.26717503  0.1034214 ]
 [ 0.          0.          0.          1.        ]]   0.9235265851020813
[[-9.05140747e-01  3.37301970e-01  2.58742360e-01  2.30770320e-01]
 [-7.41647251e-02 -7.24603847e-01  6.85163381e-01 -8.17329252e-04]
 [ 4.18592667e-01  6.00979739e-01  6.80884376e-01  5.50804230e-02]
 [ 0.00000000e+00  0.00000000e+00  0.00000000e+00  1.00000000e+00]]   0.9064965844154358
[[-0.86401481 -0.41256955  0.28855637  0.28257955]
 [-0.14818764 -0.3393546  -0.92891274  0.14546457]
 [ 0.48116405 -0.84535485  0.23206969  0.03877951]
 [ 0.          0.          0.          1.        ]]   0.8588849902153015
[[ 0.08714537  0.80677648  0.58439489  0.19862154]
 [-0.93088255  0.2748619  -0.24064209  0.01638751]
 [-0.35477227 -0.52303216  0.77496709 -0.0050517 ]
 [ 0.          0.          0.          1.        ]]   0.9488629698753357
[[-0.09499421  0.87511789 -0.47449424  0.27901496]
 [-0.75403066  0.24794381  0.60824471 -0.04566441]
 [ 0.64993373  0.41556293  0.63631249  0.07291698]
 [ 0.          0.          0.          1.        ]]   0.9608346223831177
[[-0.55676594  0.71003712 -0.43111364  0.27072912]
 [-0.67549401 -0.08495419  0.73245521 -0.0364685 ]
 [ 0.48344548  0.69902079  0.52692542  0.06294754]
 [ 0.          0.          0.          1.        ]]   0.8142633438110352
[[ 0.12866295  0.82036314  0.55718056  0.20070448]
 [-0.93782082  0.28330896 -0.20056952  0.01469847]
 [-0.32239409 -0.49672966  0.805805   -0.00851247]
 [ 0.          0.          0.          1.        ]]   0.9326275587081909
[[-0.24842188 -0.91161763  0.32747498  0.31451298]
 [ 0.04320124  0.32730942  0.94392913 -0.08762557]
 [-0.96768808  0.24863997 -0.04192781  0.06246674]
 [ 0.          0.          0.          1.        ]]   0.9716818332672119
[[-0.15737625  0.64602646 -0.74691534  0.38032655]
 [-0.9874656  -0.09374115  0.12698142  0.01148964]
 [ 0.01201665  0.75753706  0.65268154  0.01487211]
 [ 0.          0.          0.          1.        ]]   0.9348363280296326
[[-0.29393503 -0.89036083  0.34764895  0.31407436]
 [ 0.04803193  0.34949732  0.93570538 -0.08753759]
 [-0.95461779  0.29173483 -0.05996375  0.06191247]
 [ 0.          0.          0.          1.        ]]   0.9639837741851807
[[ 0.12609922 -0.74866337  0.65084725  0.28499288]
 [ 0.25332381  0.65863386  0.70853969 -0.06499112]
 [-0.95912775  0.0755288   0.27270748  0.07410079]
 [ 0.          0.          0.          1.        ]]   0.966494083404541
[[-0.69247147 -0.604857    0.39323183  0.29596647]
 [ 0.05501747  0.4992      0.86473836 -0.07848709]
 [-0.71934438  0.62044126 -0.31240406  0.08238564]
 [ 0.          0.          0.          1.        ]]   0.817634105682373
[[ 0.18498904  0.84804264  0.49659111  0.20579401]
 [-0.94390975  0.29396688 -0.15039232  0.01356131]
 [-0.27352044 -0.44091626  0.85485637 -0.01277251]
 [ 0.          0.          0.          1.        ]]   0.8309937715530396
[[-0.0275484   0.15342661 -0.98777597  0.40273663]
 [-0.96611019 -0.25779746 -0.01309831 -0.00436346]
 [-0.25665577  0.95393959  0.15532892  0.06926503]
 [ 0.          0.          0.          1.        ]]   0.8131778836250305
[[-0.1342049   0.74011948 -0.6589478   0.35380516]
 [-0.98888292 -0.05705984  0.13731259  0.01979871]
 [ 0.06402827  0.67005024  0.73954922 -0.0041553 ]
 [ 0.          0.          0.          1.        ]]   0.8881961107254028
[[-0.46094989 -0.71573993  0.52463469  0.27757067]
 [ 0.19019619  0.49776986  0.84619772 -0.06935302]
 [-0.86680483  0.48983826 -0.09331596  0.08173201]
 [ 0.          0.          0.          1.        ]]   0.9803434610366821
[[-0.13569082  0.76161453  0.63366498  0.19221368]
 [-0.850213    0.2388475  -0.46913722  0.03369616]
 [-0.50865102 -0.60240781  0.61512516  0.02139648]
 [ 0.          0.          0.          1.        ]]   0.9271199107170105
[[ 0.90185893 -0.11487285  0.41647893  0.28626745]
 [-0.09717553  0.88536452  0.45462795 -0.05922259]
 [-0.42096008 -0.45048184  0.78731107  0.07824345]
 [ 0.          0.          0.          1.        ]]   0.8435137271881104
[[ 0.56840293 -0.45027429 -0.68860088  0.38369904]
 [ 0.69379582  0.71217871  0.1069993  -0.03671377]
 [ 0.44222785 -0.53856713  0.71720288  0.00860512]
 [ 0.          0.          0.          1.        ]]   0.8430621027946472
[[ 0.23041722  0.96722117  0.10672911  0.23414493]
 [-0.97207095  0.23380978 -0.02027448  0.00828625]
 [-0.04456422 -0.09907667  0.99408141 -0.01509344]
 [ 0.          0.          0.          1.        ]]   0.9607248902320862
[[-0.8553954  -0.41868449  0.3049623   0.28068548]
 [-0.14528673 -0.37118638 -0.91712182  0.14576175]
 [ 0.49718253 -0.82880877  0.25668182  0.03714791]
 [ 0.          0.          0.          1.        ]]   0.9305592179298401
[[ 0.13206788  0.81958911  0.55752289  0.20141406]
 [-0.93423958  0.2909002  -0.2063334   0.01536861]
 [-0.33129213 -0.49360994  0.80411116 -0.00896207]
 [ 0.          0.          0.          1.        ]]   0.9246435165405273
[[ 0.44409086 -0.71565455 -0.53909356  0.36807999]
 [-0.89562526 -0.3375999  -0.28962336 -0.00621418]
 [ 0.02527234  0.6114449  -0.79088333  0.16233952]
 [ 0.          0.          0.          1.        ]]   0.9822953939437866
[[ 0.16801385 -0.23057329 -0.95844004  0.39841927]
 [-0.95481239 -0.27986264 -0.10005098 -0.00701669]
 [-0.24516248  0.93194038 -0.26717503  0.1034214 ]
 [ 0.          0.          0.          1.        ]]   0.9235265851020813
[[-9.05140747e-01  3.37301970e-01  2.58742360e-01  2.30770320e-01]
 [-7.41647251e-02 -7.24603847e-01  6.85163381e-01 -8.17329252e-04]
 [ 4.18592667e-01  6.00979739e-01  6.80884376e-01  5.50804230e-02]
 [ 0.00000000e+00  0.00000000e+00  0.00000000e+00  1.00000000e+00]]   0.9064965844154358
[[-0.86401481 -0.41256955  0.28855637  0.28257955]
 [-0.14818764 -0.3393546  -0.92891274  0.14546457]
 [ 0.48116405 -0.84535485  0.23206969  0.03877951]
 [ 0.          0.          0.          1.        ]]   0.8588849902153015
[[ 0.08714537  0.80677648  0.58439489  0.19862154]
 [-0.93088255  0.2748619  -0.24064209  0.01638751]
 [-0.35477227 -0.52303216  0.77496709 -0.0050517 ]
 [ 0.          0.          0.          1.        ]]   0.9488629698753357
[[ 0.16587345  0.93244634 -0.32098258  0.27079239]
 [-0.98233574  0.18482376  0.02926893  0.01006655]
 [ 0.08661692  0.31045773  0.94663272 -0.01906068]
 [ 0.          0.          0.          1.        ]]   0.8515856266021729
[[-0.09499421  0.87511789 -0.47449424  0.27901496]
 [-0.75403066  0.24794381  0.60824471 -0.04566441]
 [ 0.64993373  0.41556293  0.63631249  0.07291698]
 [ 0.          0.          0.          1.        ]]   0.9608346223831177
[[-0.55676594  0.71003712 -0.43111364  0.27072912]
 [-0.67549401 -0.08495419  0.73245521 -0.0364685 ]
 [ 0.48344548  0.69902079  0.52692542  0.06294754]
 [ 0.          0.          0.          1.        ]]   0.8142633438110352
[[ 0.12866295  0.82036314  0.55718056  0.20070448]
 [-0.93782082  0.28330896 -0.20056952  0.01469847]
 [-0.32239409 -0.49672966  0.805805   -0.00851247]
 [ 0.          0.          0.          1.        ]]   0.9326275587081909
[[-0.24842188 -0.91161763  0.32747498  0.31451298]
 [ 0.04320124  0.32730942  0.94392913 -0.08762557]
 [-0.96768808  0.24863997 -0.04192781  0.06246674]
 [ 0.          0.          0.          1.        ]]   0.9716818332672119
[[-0.15737625  0.64602646 -0.74691534  0.38032655]
 [-0.9874656  -0.09374115  0.12698142  0.01148964]
 [ 0.01201665  0.75753706  0.65268154  0.01487211]
 [ 0.          0.          0.          1.        ]]   0.9348363280296326
[[-0.29393503 -0.89036083  0.34764895  0.31407436]
 [ 0.04803193  0.34949732  0.93570538 -0.08753759]
 [-0.95461779  0.29173483 -0.05996375  0.06191247]
 [ 0.          0.          0.          1.        ]]   0.9639837741851807
[[ 0.12609922 -0.74866337  0.65084725  0.28499288]
 [ 0.25332381  0.65863386  0.70853969 -0.06499112]
 [-0.95912775  0.0755288   0.27270748  0.07410079]
 [ 0.          0.          0.          1.        ]]   0.966494083404541
[[-0.69247147 -0.604857    0.39323183  0.29596647]
 [ 0.05501747  0.4992      0.86473836 -0.07848709]
 [-0.71934438  0.62044126 -0.31240406  0.08238564]
 [ 0.          0.          0.          1.        ]]   0.817634105682373
[[-0.25026178  0.75136448  0.61059025  0.20639556]
 [-0.75460049  0.24374857 -0.60923291  0.05434186]
 [-0.60658647 -0.61321942  0.50597906  0.04164339]
 [ 0.          0.          0.          1.        ]]   0.9285356998443604
[[-0.0275484   0.15342661 -0.98777597  0.40273663]
 [-0.96611019 -0.25779746 -0.01309831 -0.00436346]
 [-0.25665577  0.95393959  0.15532892  0.06926503]
 [ 0.          0.          0.          1.        ]]   0.8131778836250305
[[-0.1342049   0.74011948 -0.6589478   0.35380516]
 [-0.98888292 -0.05705984  0.13731259  0.01979871]
 [ 0.06402827  0.67005024  0.73954922 -0.0041553 ]
 [ 0.          0.          0.          1.        ]]   0.8881961107254028
[[-0.46094989 -0.71573993  0.52463469  0.27757067]
 [ 0.19019619  0.49776986  0.84619772 -0.06935302]
 [-0.86680483  0.48983826 -0.09331596  0.08173201]
 [ 0.          0.          0.          1.        ]]   0.9803434610366821
[[-0.80997585  0.52792473 -0.25541065  0.24392062]
 [-0.55183256 -0.53863216  0.63667591 -0.01378991]
 [ 0.19854457  0.65663603  0.7276051   0.0458377 ]
 [ 0.          0.          0.          1.        ]]   0.8561379313468933
[[-0.13569082  0.76161453  0.63366498  0.19221368]
 [-0.850213    0.2388475  -0.46913722  0.03369616]
 [-0.50865102 -0.60240781  0.61512516  0.02139648]
 [ 0.          0.          0.          1.        ]]   0.9271199107170105
[[ 0.56840293 -0.45027429 -0.68860088  0.38369904]
 [ 0.69379582  0.71217871  0.1069993  -0.03671377]
 [ 0.44222785 -0.53856713  0.71720288  0.00860512]
 [ 0.          0.          0.          1.        ]]   0.8430621027946472
[[ 0.23041722  0.96722117  0.10672911  0.23414493]
 [-0.97207095  0.23380978 -0.02027448  0.00828625]
 [-0.04456422 -0.09907667  0.99408141 -0.01509344]
 [ 0.          0.          0.          1.        ]]   0.9607248902320862
[[ 0.13206788  0.81958911  0.55752289  0.20141406]
 [-0.93423958  0.2909002  -0.2063334   0.01536861]
 [-0.33129213 -0.49360994  0.80411116 -0.00896207]
 [ 0.          0.          0.          1.        ]]   0.9246435165405273
[[ 0.44409086 -0.71565455 -0.53909356  0.36807999]
 [-0.89562526 -0.3375999  -0.28962336 -0.00621418]
 [ 0.02527234  0.6114449  -0.79088333  0.16233952]
 [ 0.          0.          0.          1.        ]]   0.9822953939437866
[[ 0.16801385 -0.23057329 -0.95844004  0.39841927]
 [-0.95481239 -0.27986264 -0.10005098 -0.00701669]
 [-0.24516248  0.93194038 -0.26717503  0.1034214 ]
 [ 0.          0.          0.          1.        ]]   0.9235265851020813
[[-0.86401481 -0.41256955  0.28855637  0.28257955]
 [-0.14818764 -0.3393546  -0.92891274  0.14546457]
 [ 0.48116405 -0.84535485  0.23206969  0.03877951]
 [ 0.          0.          0.          1.        ]]   0.8588849902153015
[[ 0.24293056  0.94016464  0.23890417  0.22533369]
 [-0.96607122  0.25674939 -0.02803836  0.0088231 ]
 [-0.08769918 -0.22398706  0.97063827 -0.01442703]
 [ 0.          0.          0.          1.        ]]   0.8484258651733398
[[ 0.08714537  0.80677648  0.58439489  0.19862154]
 [-0.93088255  0.2748619  -0.24064209  0.01638751]
 [-0.35477227 -0.52303216  0.77496709 -0.0050517 ]
 [ 0.          0.          0.          1.        ]]   0.9488629698753357
[[-0.09499421  0.87511789 -0.47449424  0.27901496]
 [-0.75403066  0.24794381  0.60824471 -0.04566441]
 [ 0.64993373  0.41556293  0.63631249  0.07291698]
