[[-0.24674579 -0.96754531 -0.05452151  0.24696498]
 [-0.33731541  0.03300788  0.94081284 -0.09808107]
 [-0.90847941  0.25053255 -0.33451249  0.09742261]
 [ 0.          0.          0.          1.        ]]   0.8615418076515198
[[ 0.97329102 -0.18244656 -0.13934789  0.32661997]
 [-0.20923206 -0.45514938 -0.8654831   0.09428337]
 [ 0.0944803   0.87152298 -0.48116647  0.13251721]
 [ 0.          0.          0.          1.        ]]   0.8068654537200928
[[-0.727684    0.67360198  0.12936913  0.21193634]
 [-0.01527185 -0.20447314  0.97875304 -0.06803819]
 [ 0.6857425   0.71024721  0.15907898  0.06977637]
 [ 0.          0.          0.          1.        ]]   0.9400197267532349
[[-0.18471543  0.4159579   0.89042644  0.19583349]
 [ 0.84164656 -0.40086237  0.36185692 -0.02120319]
 [ 0.5074557   0.8162649  -0.27604407  0.10823958]
 [ 0.          0.          0.          1.        ]]   0.8273486495018005
[[-0.95499361 -0.18107139 -0.23494757  0.31641578]
 [ 0.19300653  0.22214459 -0.95571976  0.09060392]
 [ 0.22524584 -0.95805268 -0.1771987   0.0582195 ]
 [ 0.          0.          0.          1.        ]]   0.9366223216056824
[[ 0.1569415   0.90797459  0.38852479  0.17300734]
 [-0.26813119  0.41779688 -0.8680734   0.07126943]
 [-0.95051303  0.03206113  0.30902598  0.00246978]
 [ 0.          0.          0.          1.        ]]   0.9092100262641907
[[ 0.97096263 -0.20959634 -0.11532969  0.32155819]
 [-0.20198325 -0.45990007 -0.86469341  0.09115501]
 [ 0.12819644  0.86287966 -0.48888073  0.12798115]
 [ 0.          0.          0.          1.        ]]   0.8004934787750244
[[-0.28372896 -0.13357178 -0.94955592  0.35676577]
 [ 0.77813772  0.54660263 -0.30939821  0.00620812]
 [ 0.56035664 -0.82667052 -0.05114976  0.04700901]
 [ 0.          0.          0.          1.        ]]   0.829548180103302
[[-0.68776484 -0.43979099  0.57754948  0.27314769]
 [-0.59733294  0.79496022 -0.10597923  0.03730574]
 [-0.41252015 -0.41787812 -0.80944734  0.12883956]
 [ 0.          0.          0.          1.        ]]   0.8357967138290405
[[ 0.36341295  0.88163779 -0.30107448  0.35686343]
 [ 0.20594662 -0.39120062 -0.89696603  0.09185133]
 [-0.90857967  0.2639638  -0.3237377   0.10744768]
 [ 0.          0.          0.          1.        ]]   0.881718099117279
[[-0.58245763  0.50650197  0.63576636  0.19922814]
 [ 0.53069719 -0.3554877   0.7694082  -0.04569133]
 [ 0.61571389  0.7855471  -0.06174264  0.08377382]
 [ 0.          0.          0.          1.        ]]   0.8242030739784241
[[ 0.39238317  0.87545952 -0.28214548  0.26413074]
 [-0.48433468  0.45742988  0.7457733  -0.09719303]
 [ 0.78195612 -0.15597605  0.60350319  0.07378816]
 [ 0.          0.          0.          1.        ]]   0.9465783834457397
[[-0.24674579 -0.96754531 -0.05452151  0.24696498]
 [-0.33731541  0.03300788  0.94081284 -0.09808107]
 [-0.90847941  0.25053255 -0.33451249  0.09742261]
 [ 0.          0.          0.          1.        ]]   0.8615418076515198
[[ 0.97329102 -0.18244656 -0.13934789  0.32661997]
 [-0.20923206 -0.45514938 -0.8654831   0.09428337]
 [ 0.0944803   0.87152298 -0.48116647  0.13251721]
 [ 0.          0.          0.          1.        ]]   0.8501589894294739
[[ 0.55317407  0.31111221  0.77279211  0.2218483 ]
 [ 0.71771185 -0.64895156 -0.25249071  0.03681154]
 [ 0.4229517   0.69431337 -0.5822721   0.17530894]
 [ 0.          0.          0.          1.        ]]   0.8196946382522583
[[-0.18471543  0.4159579   0.89042644  0.19583349]
 [ 0.84164656 -0.40086237  0.36185692 -0.02120319]
 [ 0.5074557   0.8162649  -0.27604407  0.10823958]
 [ 0.          0.          0.          1.        ]]   0.8273486495018005
[[-0.95499361 -0.18107139 -0.23494757  0.31641578]
 [ 0.19300653  0.22214459 -0.95571976  0.09060392]
 [ 0.22524584 -0.95805268 -0.1771987   0.0582195 ]
 [ 0.          0.          0.          1.        ]]   0.9366223216056824
[[ 0.1569415   0.90797459  0.38852479  0.17300734]
 [-0.26813119  0.41779688 -0.8680734   0.07126943]
 [-0.95051303  0.03206113  0.30902598  0.00246978]
 [ 0.          0.          0.          1.        ]]   0.898485004901886
[[-0.20159518  0.80236163 -0.56176081  0.36749538]
 [-0.73271279 -0.50414759 -0.45712928 -0.00384977]
 [-0.64999334  0.31945427  0.68953435  0.00262766]
 [ 0.          0.          0.          1.        ]]   0.8947842121124268
[[ 0.97096263 -0.20959634 -0.11532969  0.32155819]
 [-0.20198325 -0.45990007 -0.86469341  0.09115501]
 [ 0.12819644  0.86287966 -0.48888073  0.12798115]
 [ 0.          0.          0.          1.        ]]   0.8004934787750244
[[ 0.19772327  0.95100191 -0.23769911  0.27997307]
 [-0.65354963 -0.05283866 -0.75503706  0.02965647]
 [-0.73060139  0.30463656  0.61107951 -0.02662757]
 [ 0.          0.          0.          1.        ]]   0.8573008179664612
[[-0.94129276 -0.19775429 -0.2736077   0.3192313 ]
 [ 0.21577206  0.27089483 -0.93811428  0.08745495]
 [ 0.25963504 -0.94207708 -0.21232149  0.06018755]
 [ 0.          0.          0.          1.        ]]   0.9860666394233704
[[-0.22178974  0.79140882 -0.56963268  0.37120845]
 [-0.7375225  -0.51829798 -0.43292929 -0.00763742]
 [-0.63786352  0.32409765  0.69863498  0.00526273]
 [ 0.          0.          0.          1.        ]]   0.8353531360626221
[[-0.68776484 -0.43979099  0.57754948  0.27314769]
 [-0.59733294  0.79496022 -0.10597923  0.03730574]
 [-0.41252015 -0.41787812 -0.80944734  0.12883956]
 [ 0.          0.          0.          1.        ]]   0.8357967138290405
[[ 0.36341295  0.88163779 -0.30107448  0.35686343]
 [ 0.20594662 -0.39120062 -0.89696603  0.09185133]
 [-0.90857967  0.2639638  -0.3237377   0.10744768]
 [ 0.          0.          0.          1.        ]]   0.881718099117279
[[-0.58245763  0.50650197  0.63576636  0.19922814]
 [ 0.53069719 -0.3554877   0.7694082  -0.04569133]
 [ 0.61571389  0.7855471  -0.06174264  0.08377382]
 [ 0.          0.          0.          1.        ]]   0.8242030739784241
[[ 0.46897827  0.35310567  0.80955282  0.21873536]
 [ 0.76184607 -0.62544843 -0.16853733  0.0205377 ]
 [ 0.44682205  0.69579498 -0.56233389  0.16289575]
 [ 0.          0.          0.          1.        ]]   0.9391767978668213
[[-0.90368075 -0.19359658 -0.38194433  0.32769871]
 [ 0.29912985  0.35283407 -0.88658302  0.07707492]
 [ 0.30640241 -0.91543896 -0.26093884  0.0616427 ]
 [ 0.          0.          0.          1.        ]]   0.8367842435836792
[[ 0.39238317  0.87545952 -0.28214548  0.26413074]
 [-0.48433468  0.45742988  0.7457733  -0.09719303]
 [ 0.78195612 -0.15597605  0.60350319  0.07378816]
 [ 0.          0.          0.          1.        ]]   0.9465783834457397
[[-0.24674579 -0.96754531 -0.05452151  0.24696498]
 [-0.33731541  0.03300788  0.94081284 -0.09808107]
 [-0.90847941  0.25053255 -0.33451249  0.09742261]
 [ 0.          0.          0.          1.        ]]   0.8615418076515198
[[ 0.97329102 -0.18244656 -0.13934789  0.32661997]
 [-0.20923206 -0.45514938 -0.8654831   0.09428337]
 [ 0.0944803   0.87152298 -0.48116647  0.13251721]
 [ 0.          0.          0.          1.        ]]   0.8501589894294739
[[ 0.55317407  0.31111221  0.77279211  0.2218483 ]
 [ 0.71771185 -0.64895156 -0.25249071  0.03681154]
 [ 0.4229517   0.69431337 -0.5822721   0.17530894]
 [ 0.          0.          0.          1.        ]]   0.8196946382522583
[[-0.76750993  0.63149333 -0.11020293  0.22157798]
 [-0.2670403  -0.15867897  0.95053167 -0.07357821]
 [ 0.58276753  0.75897112  0.29042185  0.06383735]
 [ 0.          0.          0.          1.        ]]   0.951781690120697
[[ 0.31447078  0.90753349  0.27837221  0.19075247]
 [-0.47419933  0.40422415 -0.78213671  0.04630447]
 [-0.82234003  0.11395522  0.55746846 -0.01357263]
 [ 0.          0.          0.          1.        ]]   0.8646076917648315
[[-0.18471543  0.4159579   0.89042644  0.19583349]
 [ 0.84164656 -0.40086237  0.36185692 -0.02120319]
 [ 0.5074557   0.8162649  -0.27604407  0.10823958]
 [ 0.          0.          0.          1.        ]]   0.8273486495018005
[[-0.95499361 -0.18107139 -0.23494757  0.31641578]
 [ 0.19300653  0.22214459 -0.95571976  0.09060392]
 [ 0.22524584 -0.95805268 -0.1771987   0.0582195 ]
 [ 0.          0.          0.          1.        ]]   0.9366223216056824
[[ 0.1569415   0.90797459  0.38852479  0.17300734]
 [-0.26813119  0.41779688 -0.8680734   0.07126943]
 [-0.95051303  0.03206113  0.30902598  0.00246978]
 [ 0.          0.          0.          1.        ]]   0.898485004901886
[[-0.20159518  0.80236163 -0.56176081  0.36749538]
 [-0.73271279 -0.50414759 -0.45712928 -0.00384977]
 [-0.64999334  0.31945427  0.68953435  0.00262766]
 [ 0.          0.          0.          1.        ]]   0.8947842121124268
[[ 0.97096263 -0.20959634 -0.11532969  0.32155819]
 [-0.20198325 -0.45990007 -0.86469341  0.09115501]
 [ 0.12819644  0.86287966 -0.48888073  0.12798115]
 [ 0.          0.          0.          1.        ]]   0.8004934787750244
[[-0.30459796  0.47835536 -0.82364813  0.40639182]
 [-0.7004648  -0.69846594 -0.14660966 -0.03978319]
 [-0.64542168  0.53227952  0.54782239  0.05158386]
 [ 0.          0.          0.          1.        ]]   0.876923143863678
[[-0.22178974  0.79140882 -0.56963268  0.37120845]
 [-0.7375225  -0.51829798 -0.43292929 -0.00763742]
 [-0.63786352  0.32409765  0.69863498  0.00526273]
 [ 0.          0.          0.          1.        ]]   0.8353531360626221
[[-0.68776484 -0.43979099  0.57754948  0.27314769]
 [-0.59733294  0.79496022 -0.10597923  0.03730574]
 [-0.41252015 -0.41787812 -0.80944734  0.12883956]
 [ 0.          0.          0.          1.        ]]   0.8665206432342529
[[-0.09798184  0.85718477 -0.50560244  0.34444845]
 [-0.71199554 -0.4153395  -0.56617617  0.00883321]
 [-0.69531426  0.3045117   0.65100746 -0.00881209]
 [ 0.          0.          0.          1.        ]]   0.8437151312828064
[[ 0.46897827  0.35310567  0.80955282  0.21873536]
 [ 0.76184607 -0.62544843 -0.16853733  0.0205377 ]
 [ 0.44682205  0.69579498 -0.56233389  0.16289575]
 [ 0.          0.          0.          1.        ]]   0.9391767978668213
[[-0.90368075 -0.19359658 -0.38194433  0.32769871]
 [ 0.29912985  0.35283407 -0.88658302  0.07707492]
 [ 0.30640241 -0.91543896 -0.26093884  0.0616427 ]
 [ 0.          0.          0.          1.        ]]   0.8367842435836792
[[ 0.60198662  0.00736072 -0.79847224  0.35027419]
 [ 0.76427723  0.2843226   0.57882724 -0.07935279]
 [ 0.23128429 -0.95870041  0.16553277  0.03187823]
 [ 0.          0.          0.          1.        ]]   0.9687048196792603
[[ 0.39238317  0.87545952 -0.28214548  0.26413074]
 [-0.48433468  0.45742988  0.7457733  -0.09719303]
 [ 0.78195612 -0.15597605  0.60350319  0.07378816]
 [ 0.          0.          0.          1.        ]]   0.9465783834457397
[[-0.24674579 -0.96754531 -0.05452151  0.24696498]
 [-0.33731541  0.03300788  0.94081284 -0.09808107]
 [-0.90847941  0.25053255 -0.33451249  0.09742261]
 [ 0.          0.          0.          1.        ]]   0.8615418076515198
[[ 0.97329102 -0.18244656 -0.13934789  0.32661997]
 [-0.20923206 -0.45514938 -0.8654831   0.09428337]
 [ 0.0944803   0.87152298 -0.48116647  0.13251721]
 [ 0.          0.          0.          1.        ]]   0.8501589894294739
[[ 0.55317407  0.31111221  0.77279211  0.2218483 ]
 [ 0.71771185 -0.64895156 -0.25249071  0.03681154]
 [ 0.4229517   0.69431337 -0.5822721   0.17530894]
 [ 0.          0.          0.          1.        ]]   0.8196946382522583
[[-0.76750993  0.63149333 -0.11020293  0.22157798]
 [-0.2670403  -0.15867897  0.95053167 -0.07357821]
 [ 0.58276753  0.75897112  0.29042185  0.06383735]
 [ 0.          0.          0.          1.        ]]   0.951781690120697
[[ 0.31447078  0.90753349  0.27837221  0.19075247]
 [-0.47419933  0.40422415 -0.78213671  0.04630447]
 [-0.82234003  0.11395522  0.55746846 -0.01357263]
 [ 0.          0.          0.          1.        ]]   0.8646076917648315
[[-0.18471543  0.4159579   0.89042644  0.19583349]
 [ 0.84164656 -0.40086237  0.36185692 -0.02120319]
 [ 0.5074557   0.8162649  -0.27604407  0.10823958]
 [ 0.          0.          0.          1.        ]]   0.8273486495018005
[[-0.95499361 -0.18107139 -0.23494757  0.31641578]
 [ 0.19300653  0.22214459 -0.95571976  0.09060392]
 [ 0.22524584 -0.95805268 -0.1771987   0.0582195 ]
 [ 0.          0.          0.          1.        ]]   0.9366223216056824
[[ 0.1569415   0.90797459  0.38852479  0.17300734]
 [-0.26813119  0.41779688 -0.8680734   0.07126943]
 [-0.95051303  0.03206113  0.30902598  0.00246978]
 [ 0.          0.          0.          1.        ]]   0.898485004901886
[[-0.71863925  0.69531564 -0.00968477  0.21586883]
 [-0.16216185 -0.15402561  0.97466899 -0.07261704]
 [ 0.67621089  0.70200589  0.22344252  0.06719864]
 [ 0.          0.          0.          1.        ]]   0.8333544135093689
[[ 0.97096263 -0.20959634 -0.11532969  0.32155819]
 [-0.20198325 -0.45990007 -0.86469341  0.09115501]
 [ 0.12819644  0.86287966 -0.48888073  0.12798115]
 [ 0.          0.          0.          1.        ]]   0.8004934787750244
[[ 0.29906884  0.94489621  0.13315021  0.21065186]
 [-0.56148658  0.28707907 -0.77609177  0.0405908 ]
 [-0.77155081  0.15734281  0.61640294 -0.01919585]
 [ 0.          0.          0.          1.        ]]   0.8545463681221008
[[-0.30459796  0.47835536 -0.82364813  0.40639182]
 [-0.7004648  -0.69846594 -0.14660966 -0.03978319]
 [-0.64542168  0.53227952  0.54782239  0.05158386]
 [ 0.          0.          0.          1.        ]]   0.876923143863678
[[-0.5874367   0.40527747  0.70047719  0.20741587]
 [ 0.60542554 -0.35428176  0.71270215 -0.04052415]
 [ 0.53700842  0.84275418 -0.03724722  0.08459546]
 [ 0.          0.          0.          1.        ]]   0.8538742065429688
[[-0.22178974  0.79140882 -0.56963268  0.37120845]
 [-0.7375225  -0.51829798 -0.43292929 -0.00763742]
 [-0.63786352  0.32409765  0.69863498  0.00526273]
 [ 0.          0.          0.          1.        ]]   0.8353531360626221
[[-0.68776484 -0.43979099  0.57754948  0.27314769]
 [-0.59733294  0.79496022 -0.10597923  0.03730574]
 [-0.41252015 -0.41787812 -0.80944734  0.12883956]
 [ 0.          0.          0.          1.        ]]   0.8665206432342529
[[ 0.46897827  0.35310567  0.80955282  0.21873536]
 [ 0.76184607 -0.62544843 -0.16853733  0.0205377 ]
 [ 0.44682205  0.69579498 -0.56233389  0.16289575]
 [ 0.          0.          0.          1.        ]]   0.9391767978668213
[[ 0.60198662  0.00736072 -0.79847224  0.35027419]
 [ 0.76427723  0.2843226   0.57882724 -0.07935279]
 [ 0.23128429 -0.95870041  0.16553277  0.03187823]
 [ 0.          0.          0.          1.        ]]   0.9687048196792603
[[ 0.70841637 -0.04164035 -0.70456535  0.34574992]
 [ 0.69950805  0.17436447  0.69302635 -0.09090361]
 [ 0.09399331 -0.98380034  0.15265041  0.03620039]
 [ 0.          0.          0.          1.        ]]   0.8533881902694702
[[-0.24674579 -0.96754531 -0.05452151  0.24696498]
 [-0.33731541  0.03300788  0.94081284 -0.09808107]
 [-0.90847941  0.25053255 -0.33451249  0.09742261]
 [ 0.          0.          0.          1.        ]]   0.8615418076515198
[[-0.31291573  0.59261677 -0.74221904  0.3979654 ]
 [-0.72802524 -0.65153092 -0.21327613 -0.0325507 ]
 [-0.60996967  0.47361674  0.63531425  0.0349921 ]
 [ 0.          0.          0.          1.        ]]   0.8701221346855164
[[ 0.55317407  0.31111221  0.77279211  0.2218483 ]
 [ 0.71771185 -0.64895156 -0.25249071  0.03681154]
 [ 0.4229517   0.69431337 -0.5822721   0.17530894]
 [ 0.          0.          0.          1.        ]]   0.8196946382522583
[[-0.76750993  0.63149333 -0.11020293  0.22157798]
 [-0.2670403  -0.15867897  0.95053167 -0.07357821]
 [ 0.58276753  0.75897112  0.29042185  0.06383735]
 [ 0.          0.          0.          1.        ]]   0.951781690120697
[[ 0.31447078  0.90753349  0.27837221  0.19075247]
 [-0.47419933  0.40422415 -0.78213671  0.04630447]
 [-0.82234003  0.11395522  0.55746846 -0.01357263]
 [ 0.          0.          0.          1.        ]]   0.9826679825782776
[[-0.18471543  0.4159579   0.89042644  0.19583349]
 [ 0.84164656 -0.40086237  0.36185692 -0.02120319]
 [ 0.5074557   0.8162649  -0.27604407  0.10823958]
 [ 0.          0.          0.          1.        ]]   0.8273486495018005
[[-0.95499361 -0.18107139 -0.23494757  0.31641578]
 [ 0.19300653  0.22214459 -0.95571976  0.09060392]
 [ 0.22524584 -0.95805268 -0.1771987   0.0582195 ]
 [ 0.          0.          0.          1.        ]]   0.9366223216056824
[[ 0.1569415   0.90797459  0.38852479  0.17300734]
 [-0.26813119  0.41779688 -0.8680734   0.07126943]
 [-0.95051303  0.03206113  0.30902598  0.00246978]
 [ 0.          0.          0.          1.        ]]   0.898485004901886
[[-0.6630236   0.52503801  0.53360547  0.2049647 ]
 [ 0.3980096  -0.35647273  0.84529022 -0.050873  ]
 [ 0.63402529  0.77282746  0.02737966  0.07934285]
 [ 0.          0.          0.          1.        ]]   0.9606599807739258
[[-0.71863925  0.69531564 -0.00968477  0.21586883]
 [-0.16216185 -0.15402561  0.97466899 -0.07261704]
 [ 0.67621089  0.70200589  0.22344252  0.06719864]
 [ 0.          0.          0.          1.        ]]   0.8333544135093689
[[ 0.97096263 -0.20959634 -0.11532969  0.32155819]
 [-0.20198325 -0.45990007 -0.86469341  0.09115501]
 [ 0.12819644  0.86287966 -0.48888073  0.12798115]
 [ 0.          0.          0.          1.        ]]   0.8004934787750244
[[ 0.29906884  0.94489621  0.13315021  0.21065186]
 [-0.56148658  0.28707907 -0.77609177  0.0405908 ]
 [-0.77155081  0.15734281  0.61640294 -0.01919585]
 [ 0.          0.          0.          1.        ]]   0.8545463681221008
[[-0.30459796  0.47835536 -0.82364813  0.40639182]
 [-0.7004648  -0.69846594 -0.14660966 -0.03978319]
 [-0.64542168  0.53227952  0.54782239  0.05158386]
 [ 0.          0.          0.          1.        ]]   0.876923143863678
[[-0.5874367   0.40527747  0.70047719  0.20741587]
 [ 0.60542554 -0.35428176  0.71270215 -0.04052415]
 [ 0.53700842  0.84275418 -0.03724722  0.08459546]
 [ 0.          0.          0.          1.        ]]   0.8538742065429688
[[ 0.45548568  0.04771455 -0.88896351  0.3535343 ]
 [ 0.81935416  0.36801485  0.43957232 -0.06753636]
 [ 0.34812576 -0.92859485  0.12853038  0.02929186]
 [ 0.          0.          0.          1.        ]]   0.851607084274292
[[-0.22178974  0.79140882 -0.56963268  0.37120845]
 [-0.7375225  -0.51829798 -0.43292929 -0.00763742]
 [-0.63786352  0.32409765  0.69863498  0.00526273]
 [ 0.          0.          0.          1.        ]]   0.8353531360626221
[[-0.68776484 -0.43979099  0.57754948  0.27314769]
 [-0.59733294  0.79496022 -0.10597923  0.03730574]
 [-0.41252015 -0.41787812 -0.80944734  0.12883956]
 [ 0.          0.          0.          1.        ]]   0.8665206432342529
[[ 0.46897827  0.35310567  0.80955282  0.21873536]
 [ 0.76184607 -0.62544843 -0.16853733  0.0205377 ]
 [ 0.44682205  0.69579498 -0.56233389  0.16289575]
 [ 0.          0.          0.          1.        ]]   0.9391767978668213
[[ 0.60198662  0.00736072 -0.79847224  0.35027419]
 [ 0.76427723  0.2843226   0.57882724 -0.07935279]
 [ 0.23128429 -0.95870041  0.16553277  0.03187823]
 [ 0.          0.          0.          1.        ]]   0.9687048196792603
[[ 0.70841637 -0.04164035 -0.70456535  0.34574992]
 [ 0.69950805  0.17436447  0.69302635 -0.09090361]
 [ 0.09399331 -0.98380034  0.15265041  0.03620039]
 [ 0.          0.          0.          1.        ]]   0.8533881902694702
[[-0.76719987  0.30098555  0.56640274  0.26637069]
 [-0.19287343  0.73393394 -0.65126094  0.07640554]
 [-0.61172233 -0.60889135 -0.5050219   0.10194552]
 [ 0.          0.          0.          1.        ]]   0.9758110046386719
[[-0.24674579 -0.96754531 -0.05452151  0.24696498]
 [-0.33731541  0.03300788  0.94081284 -0.09808107]
 [-0.90847941  0.25053255 -0.33451249  0.09742261]
 [ 0.          0.          0.          1.        ]]   0.8615418076515198
[[-0.31291573  0.59261677 -0.74221904  0.3979654 ]
 [-0.72802524 -0.65153092 -0.21327613 -0.0325507 ]
 [-0.60996967  0.47361674  0.63531425  0.0349921 ]
 [ 0.          0.          0.          1.        ]]   0.8701221346855164
[[ 0.55317407  0.31111221  0.77279211  0.2218483 ]
 [ 0.71771185 -0.64895156 -0.25249071  0.03681154]
 [ 0.4229517   0.69431337 -0.5822721   0.17530894]
 [ 0.          0.          0.          1.        ]]   0.8196946382522583
[[ 0.29492792  0.95050795  0.0977351   0.215287  ]
 [-0.57190147  0.25753647 -0.77884766  0.04023641]
 [-0.76547125  0.17380907  0.6195516  -0.02060587]
 [ 0.          0.          0.          1.        ]]   0.9654251337051392
[[-0.727684    0.67360198  0.12936913  0.21193634]
 [-0.01527185 -0.20447314  0.97875304 -0.06803819]
 [ 0.6857425   0.71024721  0.15907898  0.06977637]
 [ 0.          0.          0.          1.        ]]   0.849376916885376
[[-0.76750993  0.63149333 -0.11020293  0.22157798]
 [-0.2670403  -0.15867897  0.95053167 -0.07357821]
 [ 0.58276753  0.75897112  0.29042185  0.06383735]
 [ 0.          0.          0.          1.        ]]   0.951781690120697
[[ 0.31447078  0.90753349  0.27837221  0.19075247]
 [-0.47419933  0.40422415 -0.78213671  0.04630447]
 [-0.82234003  0.11395522  0.55746846 -0.01357263]
 [ 0.          0.          0.          1.        ]]   0.9826679825782776
[[-0.18471543  0.4159579   0.89042644  0.19583349]
 [ 0.84164656 -0.40086237  0.36185692 -0.02120319]
 [ 0.5074557   0.8162649  -0.27604407  0.10823958]
 [ 0.          0.          0.          1.        ]]   0.8273486495018005
[[-0.95499361 -0.18107139 -0.23494757  0.31641578]
 [ 0.19300653  0.22214459 -0.95571976  0.09060392]
 [ 0.22524584 -0.95805268 -0.1771987   0.0582195 ]
 [ 0.          0.          0.          1.        ]]   0.9366223216056824
[[ 0.1569415   0.90797459  0.38852479  0.17300734]
 [-0.26813119  0.41779688 -0.8680734   0.07126943]
 [-0.95051303  0.03206113  0.30902598  0.00246978]
 [ 0.          0.          0.          1.        ]]   0.898485004901886
[[ 0.97096263 -0.20959634 -0.11532969  0.32155819]
 [-0.20198325 -0.45990007 -0.86469341  0.09115501]
 [ 0.12819644  0.86287966 -0.48888073  0.12798115]
 [ 0.          0.          0.          1.        ]]   0.8004934787750244
[[ 0.47407034  0.8466975  -0.24157951  0.26502509]
 [-0.42521982  0.46041391  0.77923497 -0.09696735]
 [ 0.77100286 -0.26668779  0.57830114  0.07511471]
 [ 0.          0.          0.          1.        ]]   0.8884106874465942
[[ 0.29906884  0.94489621  0.13315021  0.21065186]
 [-0.56148658  0.28707907 -0.77609177  0.0405908 ]
 [-0.77155081  0.15734281  0.61640294 -0.01919585]
 [ 0.          0.          0.          1.        ]]   0.857215404510498
[[-0.30459796  0.47835536 -0.82364813  0.40639182]
 [-0.7004648  -0.69846594 -0.14660966 -0.03978319]
 [-0.64542168  0.53227952  0.54782239  0.05158386]
 [ 0.          0.          0.          1.        ]]   0.876923143863678
[[-0.34779124 -0.93264096 -0.09603179  0.26249834]
 [-0.17412387 -0.03639281  0.98405104 -0.10674355]
 [-0.92126116  0.35896575 -0.14973796  0.08414088]
 [ 0.          0.          0.          1.        ]]   0.8494394421577454
[[-0.5874367   0.40527747  0.70047719  0.20741587]
 [ 0.60542554 -0.35428176  0.71270215 -0.04052415]
 [ 0.53700842  0.84275418 -0.03724722  0.08459546]
 [ 0.          0.          0.          1.        ]]   0.8538742065429688
[[ 0.45548568  0.04771455 -0.88896351  0.3535343 ]
 [ 0.81935416  0.36801485  0.43957232 -0.06753636]
 [ 0.34812576 -0.92859485  0.12853038  0.02929186]
 [ 0.          0.          0.          1.        ]]   0.851607084274292
[[-0.22178974  0.79140882 -0.56963268  0.37120845]
 [-0.7375225  -0.51829798 -0.43292929 -0.00763742]
 [-0.63786352  0.32409765  0.69863498  0.00526273]
 [ 0.          0.          0.          1.        ]]   0.8353531360626221
[[-0.19768414  0.80558133 -0.55853353  0.36632869]
 [-0.73530991 -0.49866038 -0.45897403 -0.00356607]
 [-0.64825945  0.31996336  0.69092918  0.00208294]
 [ 0.          0.          0.          1.        ]]   0.9208377599716187
[[-0.68776484 -0.43979099  0.57754948  0.27314769]
 [-0.59733294  0.79496022 -0.10597923  0.03730574]
 [-0.41252015 -0.41787812 -0.80944734  0.12883956]
 [ 0.          0.          0.          1.        ]]   0.8665206432342529
[[-0.91829643 -0.334323    0.21203725  0.31053953]
 [-0.34351045  0.93912313 -0.00695142 -0.01144412]
 [-0.19680507 -0.07922047 -0.97723686  0.16894327]
 [ 0.          0.          0.          1.        ]]   0.9286648035049438
[[ 0.46897827  0.35310567  0.80955282  0.21873536]
 [ 0.76184607 -0.62544843 -0.16853733  0.0205377 ]
 [ 0.44682205  0.69579498 -0.56233389  0.16289575]
 [ 0.          0.          0.          1.        ]]   0.9391767978668213
[[ 0.60198662  0.00736072 -0.79847224  0.35027419]
 [ 0.76427723  0.2843226   0.57882724 -0.07935279]
 [ 0.23128429 -0.95870041  0.16553277  0.03187823]
 [ 0.          0.          0.          1.        ]]   0.9687048196792603
[[ 0.70841637 -0.04164035 -0.70456535  0.34574992]
 [ 0.69950805  0.17436447  0.69302635 -0.09090361]
 [ 0.09399331 -0.98380034  0.15265041  0.03620039]
 [ 0.          0.          0.          1.        ]]   0.8533881902694702
[[-0.26270754  0.71817185 -0.64437097  0.38314147]
 [-0.73722078 -0.58024955 -0.34614446 -0.0189221 ]
 [-0.62248717  0.3841089   0.68188714  0.01651801]
 [ 0.          0.          0.          1.        ]]   0.9549106955528259
[[-0.96779268 -0.21598684  0.12933298  0.27408171]
 [-0.0862374  -0.19822931 -0.97635457  0.11834453]
 [ 0.23651732 -0.95606215  0.17321873  0.02255872]
 [ 0.          0.          0.          1.        ]]   0.8611786961555481
[[-0.76719987  0.30098555  0.56640274  0.26637069]
 [-0.19287343  0.73393394 -0.65126094  0.07640554]
 [-0.61172233 -0.60889135 -0.5050219   0.10194552]
 [ 0.          0.          0.          1.        ]]   0.9758110046386719
[[-0.24674579 -0.96754531 -0.05452151  0.24696498]
 [-0.33731541  0.03300788  0.94081284 -0.09808107]
 [-0.90847941  0.25053255 -0.33451249  0.09742261]
 [ 0.          0.          0.          1.        ]]   0.8615418076515198
[[-0.31291573  0.59261677 -0.74221904  0.3979654 ]
 [-0.72802524 -0.65153092 -0.21327613 -0.0325507 ]
 [-0.60996967  0.47361674  0.63531425  0.0349921 ]
 [ 0.          0.          0.          1.        ]]   0.8701221346855164
[[ 0.29492792  0.95050795  0.0977351   0.215287  ]
 [-0.57190147  0.25753647 -0.77884766  0.04023641]
 [-0.76547125  0.17380907  0.6195516  -0.02060587]
 [ 0.          0.          0.          1.        ]]   0.9654251337051392
[[-0.727684    0.67360198  0.12936913  0.21193634]
 [-0.01527185 -0.20447314  0.97875304 -0.06803819]
 [ 0.6857425   0.71024721  0.15907898  0.06977637]
 [ 0.          0.          0.          1.        ]]   0.849376916885376
[[-0.76750993  0.63149333 -0.11020293  0.22157798]
 [-0.2670403  -0.15867897  0.95053167 -0.07357821]
 [ 0.58276753  0.75897112  0.29042185  0.06383735]
 [ 0.          0.          0.          1.        ]]   0.951781690120697
[[ 0.31447078  0.90753349  0.27837221  0.19075247]
 [-0.47419933  0.40422415 -0.78213671  0.04630447]
 [-0.82234003  0.11395522  0.55746846 -0.01357263]
 [ 0.          0.          0.          1.        ]]   0.9826679825782776
[[-0.18471543  0.4159579   0.89042644  0.19583349]
 [ 0.84164656 -0.40086237  0.36185692 -0.02120319]
 [ 0.5074557   0.8162649  -0.27604407  0.10823958]
 [ 0.          0.          0.          1.        ]]   0.8273486495018005
[[-0.95499361 -0.18107139 -0.23494757  0.31641578]
 [ 0.19300653  0.22214459 -0.95571976  0.09060392]
 [ 0.22524584 -0.95805268 -0.1771987   0.0582195 ]
 [ 0.          0.          0.          1.        ]]   0.9366223216056824
[[ 0.1569415   0.90797459  0.38852479  0.17300734]
 [-0.26813119  0.41779688 -0.8680734   0.07126943]
 [-0.95051303  0.03206113  0.30902598  0.00246978]
 [ 0.          0.          0.          1.        ]]   0.898485004901886
[[ 0.97096263 -0.20959634 -0.11532969  0.32155819]
 [-0.20198325 -0.45990007 -0.86469341  0.09115501]
 [ 0.12819644  0.86287966 -0.48888073  0.12798115]
 [ 0.          0.          0.          1.        ]]   0.8004934787750244
[[ 0.47407034  0.8466975  -0.24157951  0.26502509]
 [-0.42521982  0.46041391  0.77923497 -0.09696735]
 [ 0.77100286 -0.26668779  0.57830114  0.07511471]
 [ 0.          0.          0.          1.        ]]   0.8884106874465942
[[-0.34779124 -0.93264096 -0.09603179  0.26249834]
 [-0.17412387 -0.03639281  0.98405104 -0.10674355]
 [-0.92126116  0.35896575 -0.14973796  0.08414088]
 [ 0.          0.          0.          1.        ]]   0.8668996095657349
[[ 0.12081739  0.93409201 -0.33596917  0.30218627]
 [-0.67958182 -0.16887253 -0.71389819  0.02322237]
 [-0.72358255  0.31456986  0.6143892  -0.02142985]
 [ 0.          0.          0.          1.        ]]   0.8246749639511108
[[-0.5874367   0.40527747  0.70047719  0.20741587]
 [ 0.60542554 -0.35428176  0.71270215 -0.04052415]
 [ 0.53700842  0.84275418 -0.03724722  0.08459546]
 [ 0.          0.          0.          1.        ]]   0.8538742065429688
[[ 0.45548568  0.04771455 -0.88896351  0.3535343 ]
 [ 0.81935416  0.36801485  0.43957232 -0.06753636]
 [ 0.34812576 -0.92859485  0.12853038  0.02929186]
 [ 0.          0.          0.          1.        ]]   0.851607084274292
[[-0.22178974  0.79140882 -0.56963268  0.37120845]
 [-0.7375225  -0.51829798 -0.43292929 -0.00763742]
 [-0.63786352  0.32409765  0.69863498  0.00526273]
 [ 0.          0.          0.          1.        ]]   0.8353531360626221
[[-0.19768414  0.80558133 -0.55853353  0.36632869]
 [-0.73530991 -0.49866038 -0.45897403 -0.00356607]
 [-0.64825945  0.31996336  0.69092918  0.00208294]
 [ 0.          0.          0.          1.        ]]   0.8787600994110107
[[-0.68776484 -0.43979099  0.57754948  0.27314769]
 [-0.59733294  0.79496022 -0.10597923  0.03730574]
 [-0.41252015 -0.41787812 -0.80944734  0.12883956]
 [ 0.          0.          0.          1.        ]]   0.8163658976554871
[[-0.91829643 -0.334323    0.21203725  0.31053953]
 [-0.34351045  0.93912313 -0.00695142 -0.01144412]
 [-0.19680507 -0.07922047 -0.97723686  0.16894327]
 [ 0.          0.          0.          1.        ]]   0.9286648035049438
[[-0.12658181  0.84419482 -0.52087632  0.35009602]
 [-0.72034587 -0.4392342  -0.53681947  0.00625902]
 [-0.68196692  0.30725953  0.66371131 -0.00707926]
 [ 0.          0.          0.          1.        ]]   0.8700805306434631
[[-0.09798184  0.85718477 -0.50560244  0.34444845]
 [-0.71199554 -0.4153395  -0.56617617  0.00883321]
 [-0.69531426  0.3045117   0.65100746 -0.00881209]
 [ 0.          0.          0.          1.        ]]   0.8326820731163025
[[ 0.46897827  0.35310567  0.80955282  0.21873536]
 [ 0.76184607 -0.62544843 -0.16853733  0.0205377 ]
 [ 0.44682205  0.69579498 -0.56233389  0.16289575]
 [ 0.          0.          0.          1.        ]]   0.9391767978668213
[[ 0.60198662  0.00736072 -0.79847224  0.35027419]
 [ 0.76427723  0.2843226   0.57882724 -0.07935279]
 [ 0.23128429 -0.95870041  0.16553277  0.03187823]
 [ 0.          0.          0.          1.        ]]   0.9687048196792603
[[ 0.70841637 -0.04164035 -0.70456535  0.34574992]
 [ 0.69950805  0.17436447  0.69302635 -0.09090361]
 [ 0.09399331 -0.98380034  0.15265041  0.03620039]
 [ 0.          0.          0.          1.        ]]   0.8533881902694702
[[-0.96779268 -0.21598684  0.12933298  0.27408171]
 [-0.0862374  -0.19822931 -0.97635457  0.11834453]
 [ 0.23651732 -0.95606215  0.17321873  0.02255872]
 [ 0.          0.          0.          1.        ]]   0.8611786961555481
[[ 0.31170729  0.90069685  0.30262808  0.18723375]
 [-0.45404798  0.42097356 -0.78525263  0.0476649 ]
 [-0.83467299  0.1073613   0.54018011 -0.01182092]
 [ 0.          0.          0.          1.        ]]   0.8064317107200623
[[-0.76719987  0.30098555  0.56640274  0.26637069]
 [-0.19287343  0.73393394 -0.65126094  0.07640554]
 [-0.61172233 -0.60889135 -0.5050219   0.10194552]
 [ 0.          0.          0.          1.        ]]   0.9758110046386719
[[-0.24674579 -0.96754531 -0.05452151  0.24696498]
 [-0.33731541  0.03300788  0.94081284 -0.09808107]
 [-0.90847941  0.25053255 -0.33451249  0.09742261]
 [ 0.          0.          0.          1.        ]]   0.8615418076515198
[[-0.31291573  0.59261677 -0.74221904  0.3979654 ]
 [-0.72802524 -0.65153092 -0.21327613 -0.0325507 ]
 [-0.60996967  0.47361674  0.63531425  0.0349921 ]
 [ 0.          0.          0.          1.        ]]   0.8701221346855164
[[ 0.84137995 -0.25048673  0.47889058  0.2630656 ]
 [ 0.04406984 -0.85135553 -0.52273474  0.06563045]
 [ 0.53864426  0.46092316 -0.70527456  0.17352417]
 [ 0.          0.          0.          1.        ]]   0.9675093293190002
[[ 0.29492792  0.95050795  0.0977351   0.215287  ]
 [-0.57190147  0.25753647 -0.77884766  0.04023641]
 [-0.76547125  0.17380907  0.6195516  -0.02060587]
 [ 0.          0.          0.          1.        ]]   0.9654251337051392
[[-0.727684    0.67360198  0.12936913  0.21193634]
 [-0.01527185 -0.20447314  0.97875304 -0.06803819]
 [ 0.6857425   0.71024721  0.15907898  0.06977637]
 [ 0.          0.          0.          1.        ]]   0.849376916885376
[[-0.76750993  0.63149333 -0.11020293  0.22157798]
 [-0.2670403  -0.15867897  0.95053167 -0.07357821]
 [ 0.58276753  0.75897112  0.29042185  0.06383735]
 [ 0.          0.          0.          1.        ]]   0.9330403208732605
[[ 0.31447078  0.90753349  0.27837221  0.19075247]
 [-0.47419933  0.40422415 -0.78213671  0.04630447]
 [-0.82234003  0.11395522  0.55746846 -0.01357263]
 [ 0.          0.          0.          1.        ]]   0.8174762725830078
[[-0.18471543  0.4159579   0.89042644  0.19583349]
 [ 0.84164656 -0.40086237  0.36185692 -0.02120319]
 [ 0.5074557   0.8162649  -0.27604407  0.10823958]
 [ 0.          0.          0.          1.        ]]   0.8273486495018005
[[-0.95499361 -0.18107139 -0.23494757  0.31641578]
 [ 0.19300653  0.22214459 -0.95571976  0.09060392]
 [ 0.22524584 -0.95805268 -0.1771987   0.0582195 ]
 [ 0.          0.          0.          1.        ]]   0.9366223216056824
[[ 0.1569415   0.90797459  0.38852479  0.17300734]
 [-0.26813119  0.41779688 -0.8680734   0.07126943]
 [-0.95051303  0.03206113  0.30902598  0.00246978]
 [ 0.          0.          0.          1.        ]]   0.898485004901886
[[ 0.6982626   0.70133739 -0.14337086  0.25934424]
 [-0.2312917   0.41058088  0.88200198 -0.09627488]
 [ 0.6774463  -0.58270851  0.44890679  0.07469406]
 [ 0.          0.          0.          1.        ]]   0.9582852721214294
[[-0.60920539  0.771866   -0.18191119  0.21893506]
 [-0.33133347 -0.03933802  0.9426933  -0.08154131]
 [ 0.72047688  0.6345671   0.27970997  0.0650868 ]
 [ 0.          0.          0.          1.        ]]   0.9110695123672485
[[ 0.47407034  0.8466975  -0.24157951  0.26502509]
 [-0.42521982  0.46041391  0.77923497 -0.09696735]
 [ 0.77100286 -0.26668779  0.57830114  0.07511471]
 [ 0.          0.          0.          1.        ]]   0.8884106874465942
[[-0.34779124 -0.93264096 -0.09603179  0.26249834]
 [-0.17412387 -0.03639281  0.98405104 -0.10674355]
 [-0.92126116  0.35896575 -0.14973796  0.08414088]
 [ 0.          0.          0.          1.        ]]   0.8439463376998901
[[ 0.12081739  0.93409201 -0.33596917  0.30218627]
 [-0.67958182 -0.16887253 -0.71389819  0.02322237]
 [-0.72358255  0.31456986  0.6143892  -0.02142985]
 [ 0.          0.          0.          1.        ]]   0.8467909693717957
[[-0.22178974  0.79140882 -0.56963268  0.37120845]
 [-0.7375225  -0.51829798 -0.43292929 -0.00763742]
 [-0.63786352  0.32409765  0.69863498  0.00526273]
 [ 0.          0.          0.          1.        ]]   0.8353531360626221
[[-0.19768414  0.80558133 -0.55853353  0.36632869]
 [-0.73530991 -0.49866038 -0.45897403 -0.00356607]
 [-0.64825945  0.31996336  0.69092918  0.00208294]
 [ 0.          0.          0.          1.        ]]   0.8787600994110107
[[-0.91829643 -0.334323    0.21203725  0.31053953]
 [-0.34351045  0.93912313 -0.00695142 -0.01144412]
 [-0.19680507 -0.07922047 -0.97723686  0.16894327]
 [ 0.          0.          0.          1.        ]]   0.9286648035049438
[[-0.12658181  0.84419482 -0.52087632  0.35009602]
 [-0.72034587 -0.4392342  -0.53681947  0.00625902]
 [-0.68196692  0.30725953  0.66371131 -0.00707926]
 [ 0.          0.          0.          1.        ]]   0.956367015838623
[[ 0.46897827  0.35310567  0.80955282  0.21873536]
 [ 0.76184607 -0.62544843 -0.16853733  0.0205377 ]
 [ 0.44682205  0.69579498 -0.56233389  0.16289575]
 [ 0.          0.          0.          1.        ]]   0.928329586982727
[[ 0.60198662  0.00736072 -0.79847224  0.35027419]
 [ 0.76427723  0.2843226   0.57882724 -0.07935279]
 [ 0.23128429 -0.95870041  0.16553277  0.03187823]
 [ 0.          0.          0.          1.        ]]   0.9687048196792603
[[-0.96779268 -0.21598684  0.12933298  0.27408171]
 [-0.0862374  -0.19822931 -0.97635457  0.11834453]
 [ 0.23651732 -0.95606215  0.17321873  0.02255872]
 [ 0.          0.          0.          1.        ]]   0.8611786961555481
[[-0.76719987  0.30098555  0.56640274  0.26637069]
 [-0.19287343  0.73393394 -0.65126094  0.07640554]
 [-0.61172233 -0.60889135 -0.5050219   0.10194552]
 [ 0.          0.          0.          1.        ]]   0.9758110046386719
[[-0.24674579 -0.96754531 -0.05452151  0.24696498]
 [-0.33731541  0.03300788  0.94081284 -0.09808107]
 [-0.90847941  0.25053255 -0.33451249  0.09742261]
 [ 0.          0.          0.          1.        ]]   0.8615418076515198
[[-0.83490032  0.5489413   0.04006114  0.33012797]
 [ 0.5092328   0.79802347 -0.32224291  0.01614215]
 [-0.20886217 -0.24864027 -0.94580897  0.17691596]
 [ 0.          0.          0.          1.        ]]   0.943570077419281
[[-0.31291573  0.59261677 -0.74221904  0.3979654 ]
 [-0.72802524 -0.65153092 -0.21327613 -0.0325507 ]
 [-0.60996967  0.47361674  0.63531425  0.0349921 ]
 [ 0.          0.          0.          1.        ]]   0.9131460785865784
[[ 0.84137995 -0.25048673  0.47889058  0.2630656 ]
 [ 0.04406984 -0.85135553 -0.52273474  0.06563045]
 [ 0.53864426  0.46092316 -0.70527456  0.17352417]
 [ 0.          0.          0.          1.        ]]   0.9675093293190002
[[ 0.29492792  0.95050795  0.0977351   0.215287  ]
 [-0.57190147  0.25753647 -0.77884766  0.04023641]
 [-0.76547125  0.17380907  0.6195516  -0.02060587]
 [ 0.          0.          0.          1.        ]]   0.9654251337051392
[[ 0.87810811 -0.42728523  0.21529858  0.28398021]
 [-0.19817903 -0.73437481 -0.64916771  0.07062151]
 [ 0.43548963  0.52737176 -0.72953945  0.16282762]
 [ 0.          0.          0.          1.        ]]   0.8611726760864258
[[-0.76750993  0.63149333 -0.11020293  0.22157798]
 [-0.2670403  -0.15867897  0.95053167 -0.07357821]
 [ 0.58276753  0.75897112  0.29042185  0.06383735]
 [ 0.          0.          0.          1.        ]]   0.9330403208732605
[[-0.18471543  0.4159579   0.89042644  0.19583349]
 [ 0.84164656 -0.40086237  0.36185692 -0.02120319]
 [ 0.5074557   0.8162649  -0.27604407  0.10823958]
 [ 0.          0.          0.          1.        ]]   0.8273486495018005
[[-0.95499361 -0.18107139 -0.23494757  0.31641578]
 [ 0.19300653  0.22214459 -0.95571976  0.09060392]
 [ 0.22524584 -0.95805268 -0.1771987   0.0582195 ]
 [ 0.          0.          0.          1.        ]]   0.9366223216056824
[[ 0.1569415   0.90797459  0.38852479  0.17300734]
 [-0.26813119  0.41779688 -0.8680734   0.07126943]
 [-0.95051303  0.03206113  0.30902598  0.00246978]
 [ 0.          0.          0.          1.        ]]   0.898485004901886
[[-0.71863925  0.69531564 -0.00968477  0.21586883]
 [-0.16216185 -0.15402561  0.97466899 -0.07261704]
 [ 0.67621089  0.70200589  0.22344252  0.06719864]
 [ 0.          0.          0.          1.        ]]   0.9495773315429688
[[ 0.6982626   0.70133739 -0.14337086  0.25934424]
 [-0.2312917   0.41058088  0.88200198 -0.09627488]
 [ 0.6774463  -0.58270851  0.44890679  0.07469406]
 [ 0.          0.          0.          1.        ]]   0.9582852721214294
[[-0.60920539  0.771866   -0.18191119  0.21893506]
 [-0.33133347 -0.03933802  0.9426933  -0.08154131]
 [ 0.72047688  0.6345671   0.27970997  0.0650868 ]
 [ 0.          0.          0.          1.        ]]   0.9110695123672485
[[ 0.47407034  0.8466975  -0.24157951  0.26502509]
 [-0.42521982  0.46041391  0.77923497 -0.09696735]
 [ 0.77100286 -0.26668779  0.57830114  0.07511471]
 [ 0.          0.          0.          1.        ]]   0.8884106874465942
